,0,1,2,3,4
0,0.18235611126236773,0.7820140027730725,0.8196382053898301,0.763721710110431,0.13589588191570545
1,0.1934983510498347,0.6550446293616594,0.28604689911377856,0.09842325495951465,0.03189413913968753
2,0.9467636596282749,0.6848338057876704,0.31312281088760574,0.3963495517853908,0.8312576883030509
3,0.0724245227215009,0.457421877236042,0.7467536259996347,0.19519427251347787,0.6891559712915117
4,0.5873992535081041,0.9176732569954374,0.5340848910499604,0.16531852163758842,0.5669565059586452
5,0.5033582316302946,0.571707181065683,0.9928954447678237,0.3701874181453776,0.3106158325771743
6,0.7900200698812005,0.023417699479429177,0.37476209083066503,0.6051014280266067,0.3514737501947187
7,0.9312365941485596,0.6606343762823481,0.6701921851595751,0.7798952023374126,0.8675800687772012
8,0.6683733337889901,0.7863886295843218,0.1238989000986952,0.9510526499400493,0.3419280773496455
9,0.8211189246349563,0.7086734051843819,0.4832363279480618,0.572908025907746,0.6270995775658628
10,0.86124931634457,0.800711456150681,0.9851323858365675,0.664703185479895,0.8080476852753415
11,0.4257189707722183,0.32545616342079164,0.2596930442005255,0.3979710937615951,0.033664328779823616
12,0.6126237059715425,0.45963355542592055,0.14402068777369048,0.04978117075261401,0.5888986518906643
13,0.47137456872739747,0.6535862604388434,0.4062545109914396,0.25439350163814334,0.7074880345784229
14,0.3305495459803075,0.20189492860769032,0.029614527530295587,0.11552400307653354,0.8026032755233513
15,0.2538847415257294,0.7390320201357047,0.8979259666782055,0.7690417581043161,0.41738354710831715
16,0.716022120212306,0.3796385142797841,0.39443395481900545,0.335618722784328,0.27539272381823865
17,0.20667583163916747,0.29638598436284147,0.8260676794513394,0.4927948980102349,0.8548551966350831
18,0.43086742246180443,0.18296604542021588,0.7252089680872378,0.007647563314895467,0.35617083130212135
19,0.29666925448286185,0.64214577542319,0.7871893349183082,0.5885300316811002,0.23256353554910814
20,0.05676273907457008,0.5239201097262394,0.7545950487454585,0.8572485917949236,0.3707046197710119
21,0.760117205452086,0.6874188176049668,0.11836062629378818,0.3265042019328036,0.27717539396592605
22,0.042767197424513737,0.4349297517812607,0.607743024989412,0.553660801846374,0.0611280668598152
23,0.6491966591321364,0.5473949089629851,0.2235081613208344,0.5394694067739515,0.4789318525457332
24,0.40945978883187073,0.1569228804499968,0.463405665140474,0.8701958472955923,0.5340592980138718
25,0.8399999972568489,0.12246813488084596,0.1462892934463237,0.37848403983025625,0.38962266386868805
26,0.9702277121574049,0.9486103603077379,0.04872789480555373,0.03292963045929187,0.7204992510648576
27,0.15983216753818852,0.2952427586710398,0.025087969902074514,0.06727538438366876,0.5482488900253027
28,0.08021222589407351,0.10862904496614323,0.8068224017824508,0.8231602307580368,0.09357187180886617
29,0.8858713340231126,0.4548536733769486,0.5467236936722084,0.5626403039934809,0.9794010437691872
30,0.5597094791686815,0.005177193116120304,0.9827972552631136,0.04653971227591047,0.8935473022040887
31,0.4298936854903924,0.6154133431336409,0.5613363855245341,0.21378864831583333,0.543729233570215
32,0.9049606343091064,0.20030112505646647,0.03366468712667714,0.8390379343549044,0.9240490327019681
33,0.5070780843809833,0.846792052006578,0.9894947672412234,0.30224501171365314,0.40972382695061005
34,0.7500886040839724,0.5590337421433362,0.01540688383218114,0.17812986271318354,0.6059849537097578
35,0.8190330291235632,0.32297341450290473,0.2441922726177438,0.3392623865854164,0.6030919286849131
36,0.14401598705835483,0.9979355583219812,0.792173585594389,0.7065170017048933,0.2137861076113846
37,0.46232992717911425,0.44369447994330025,0.03578971765261296,0.3312749485991723,0.022676904572230483
38,0.4086222551602626,0.33583970182309986,0.8478840910669508,0.4884611266814688,0.1026107544429602
39,0.6795734809549684,0.573793755235353,0.2991655519387648,0.39427757736043834,0.6204961762319763
40,0.12243252582971609,0.8971324292737435,0.379651443183897,0.5603853215038506,0.7932543039402888
41,0.5584856240903113,0.3660190909082942,0.7983686987451895,0.6550216379779763,0.12769819293206663
42,0.3623563268659632,0.282052008066909,0.1216861849168065,0.7847536679824069,0.6388775633368462
43,0.156433382825646,0.538842896334422,0.606515751702531,0.5059470014337053,0.9990942608019616
44,0.9135969876351181,0.9008682056334492,0.3485139198270413,0.04033392539222791,0.8598600816803801
45,0.12867613798498856,0.7050683227644984,0.7114674774566602,0.2230417370286134,0.5942478876326993
46,0.30777166443288295,0.24944080737950292,0.14469684915441827,0.655488988989509,0.19669703908256086
47,0.43053270422899503,0.032820679062726454,0.43175968967091527,0.6556816192621172,0.4978653238704379
48,0.8580573104734522,0.7662974170728662,0.7776266523426173,0.17701154259162843,0.3495416327716663
49,0.20833670516118596,0.8350686803351436,0.6628135110686164,0.9131630488520116,0.6016402112048715
50,0.08092976852404354,0.3750867783657691,0.8131095822860649,0.7431511125451209,0.16041738429778674
51,0.8365279286972361,0.8182528775969673,0.6643104755806258,0.32453045055181307,0.9621872952254202
52,0.8430257730863804,0.8321887011228016,0.25730946082489015,0.8919350255292875,0.9488682025129705
53,0.08357048585790572,0.9978141238715863,0.8521209227936022,0.6453271335388804,0.5652226485462459
54,0.8869758259493382,0.6571091630928745,0.5177725371843342,0.6028938054323327,0.030004990696358536
55,0.2215951955202955,0.6815663188975033,0.6362119087734451,0.2513492505596858,0.37206308325911497
56,0.4215275898413604,0.008974464562867324,0.5637074589524893,0.43159938400524034,0.8942716493593791
57,0.05369630606056275,0.6194439344604472,0.06554141849402062,0.3326908083745451,0.15638609946792092
58,0.25083882096471544,0.05548346772392487,0.10728783224340599,0.9791251717552196,0.1053385604916407
59,0.8764984707464064,0.7451228373223531,0.4899585874531913,0.829916851019605,0.14271274752729213
60,0.5251490064413474,0.8722776408563215,0.7748261339597231,0.10725759104116439,0.7987460097126201
61,0.8817332007686045,0.23032502749615702,0.40514230349090685,0.7762832447076653,0.1619570033425234
62,0.29132085872798263,0.997727683587294,0.10792455033225379,0.9677995728061604,0.12462048590862618
63,0.64275058101599,0.8580485334342403,0.5930880833466446,0.49034413023902845,0.8013290497908278
64,0.6210519026678629,0.2976355825079674,0.5811327236309615,0.3053528277350096,0.9237471516423421
65,0.08793493649800521,0.04837146625141142,0.04119833766226455,0.45543838227809175,0.6936235526040444
66,0.2117883473748482,0.5786218285276373,0.2307910507727412,0.19047918526396124,0.9232044457500405
67,0.4707462036409894,0.05739011918332859,0.07642363468656987,0.7434227620626636,0.42635805858564346
68,0.038123373321274134,0.054614197371674944,0.6732830585243726,0.4235971772845577,0.3975305729035197
69,0.6787484417502281,0.3499856753402587,0.1594495082664108,0.1546926909842259,0.6437657374067361
70,0.7625102125848142,0.4745670843674268,0.43075261007712007,0.0035051307584185176,0.49037604957341785
71,0.05721056608464925,0.8420018871445731,0.9947499534203028,0.7240948844897764,0.2742989103002844
72,0.009471458020326895,0.4340102138873221,0.2929173278075269,0.4958912586076204,0.9197115271784428
73,0.3993044959377512,0.24890795336672267,0.4530228899333867,0.3887568243867656,0.10345984897258564
74,0.08306803487753844,0.35400220954849637,0.33373066759422076,0.04114552437390062,0.6054153144587294
75,0.33558463234565294,0.6617349142245545,0.7122737344996447,0.013477021925674126,0.05653871335966909
76,0.6605165316784279,0.7855790847766818,0.8499992727121443,0.8639351176611465,0.02037526134072154
77,0.16388909788809802,0.7850225330207707,0.344186948852645,0.5216783293272423,0.2282647330302796
78,0.6482444953898667,0.26400586816861016,0.7085342810481492,0.2561102573756605,0.5321669343052702
79,0.3567915453641942,0.19747503597706761,0.4376802230449678,0.14785318144388304,0.42389236607020586
80,0.37752710773095277,0.8257459712147663,0.2014560693143288,0.24423555093610227,0.01704722656661606
81,0.4325170370843525,0.7258681866168802,0.7874210623402812,0.953212700662766,0.7073066383170209
82,0.7994330450006241,0.5243853365387865,0.5901322609405895,0.6931771400669899,0.7099394083429424
83,0.6323661843294709,0.13957578162517348,0.22724642750076762,0.25620686691967576,0.5803991885924472
84,0.2192110654732209,0.3888810554622052,0.25964749598706227,0.8707078335186509,0.8281058020931189
85,0.4741624909723593,0.29218370551678785,0.42955045115657786,0.1767941287931012,0.8419922298152576
86,0.9670495183086767,0.2671049337852289,0.5711045822300241,0.8538647062965983,0.04950058228170162
87,0.18112368996002903,0.8478012238222528,0.4180980993233072,0.3223956550270357,0.09859971295409542
88,0.1150890664582146,0.8744926134737067,0.9703733293780806,0.07891743198965817,0.03783779263540976
89,0.9964661093373398,0.2827710790414313,0.4597992590158746,0.6098328541067365,0.2189966933136609
90,0.6265945279591375,0.878305720240903,0.21352201656570746,0.9981936625597021,0.5753797360537551
91,0.7565017207215825,0.6918994308293537,0.3793735350687292,0.22983520564244253,0.7738206467242453
92,0.7285529349712045,0.30180672079577453,0.520496709573942,0.09730132158652982,0.6431650979026249
93,0.9310468636287285,0.23039855692281663,0.6362636317384043,0.04690139222107903,0.9177746129433375
94,0.688310767678354,0.8492842930519142,0.585059775725844,0.14110195057103259,0.02812257432848031
95,0.07488038347004344,0.5409394422466073,0.3754264799881595,0.1926965714515192,0.6038944574467687
96,0.4565737748408505,0.2853214886581109,0.9557306114298706,0.4404504464848651,0.36949732256220247
97,0.7319875204754498,0.10177816381743365,0.34471514199542597,0.9064713135428648,0.5477554951077283
98,0.5314420726549357,0.37766984499515144,0.5760375013357508,0.78375497044081,0.7220425714614107
99,0.04376834471404967,0.8447988017053963,0.8406861280983994,0.20515461378577315,0.06755293427122366
100,0.3764578624286802,0.5416237420043176,0.5462459639640597,0.25421029908410386,0.13740564882788342
101,0.23757730674687483,0.1613623928644876,0.38563492321080295,0.05098533987070286,0.8219622324013052
102,0.4897871020115032,0.6103876798184767,0.8258138191417314,0.6774124074391035,0.9036725451239397
103,0.7893169199948098,0.578809495623474,0.30194696622588746,0.25259109826244,0.6087236743872158
104,0.39667377213947597,0.9833710677970178,0.01450587416753002,0.8969819971865926,0.38074196295250484
105,0.6699209685762576,0.36684404825804506,0.03382512988914821,0.4763763149363929,0.718817223343776
106,0.02423487467717722,0.365080276679124,0.44646718718788436,0.5180909913917344,0.44882894181182464
107,0.8005685962805105,0.3212915553649911,0.06953979900949381,0.4151652037061232,0.21423278853937588
108,0.6145312695160947,0.6092318062402874,0.21273962217675035,0.4464957800850461,0.6241728852817743
109,0.38863129595604406,0.5053401197625216,0.8252196717950524,0.009075133381631129,0.28769885951594987
110,0.6623672767458597,0.04765221478642512,0.011182781080128712,0.3206456395168662,0.5224956991570165
111,0.6030253665219399,0.29048430571948836,0.9577239015540957,0.16828234079989912,0.6906984511794455
112,0.6307114932930539,0.47557167441046067,0.25257313432299255,0.9710218645567389,0.5653847314629805
113,0.9202041480794725,0.37795206972656725,0.22311410140912136,0.006318849804295756,0.6068596731138303
114,0.9210949945111305,0.388293211267527,0.3220860162591537,0.6009132101292938,0.6909197643814987
115,0.9386106034522538,0.9229205413784811,0.062732832005717,0.3167020379614207,0.5758924889246209
116,0.6469965022041355,0.855631054527564,0.4331653093388973,0.46442570081506707,0.020636351044487466
117,0.6102528085100416,0.21752350904140438,0.6388661256463963,0.4943233408671228,0.39422720513344256
118,0.7657083244598266,0.1480743078533786,0.6540355065713009,0.17048556408484716,0.3908371259262887
119,0.8733633288163498,0.531142445656049,0.6446942824663974,0.8906508952321665,0.5394519726507431
120,0.10871425247913791,0.78149832637387,0.9365595434677588,0.21337162228299977,0.728395779244589
121,0.47357417472108676,0.8974229948105463,0.7553508897471728,0.665509954390968,0.7056750051827682
122,0.43722354506460015,0.4332578785418203,0.22028196843763914,0.0682415867720364,0.5392185896074708
123,0.866942896727229,0.17332982585644918,0.11210167656811831,0.8734731650050195,0.6785653467618422
124,0.7348362923559769,0.36613214310755193,0.23007477494318895,0.8889539047427747,0.8655504509273663
125,0.6675441161433542,0.8736158956802781,0.5785316476258242,0.8255741166522683,0.9779236251186769
126,0.7378505914691696,0.7311328542376122,0.2525201589136181,0.09877892358528839,0.23642794490290542
127,0.6199990442739824,0.6747137443379662,0.8407312312988183,0.7218784841749442,0.19288080551644382
128,0.8145846800875131,0.77457583977294,0.2792858179061678,0.0009012049943811773,0.869968460241539
129,0.6105395984901214,0.7913493419886013,0.14712106461963292,0.8799949661182067,0.7170749627677974
130,0.3386167625337153,0.30618939488708763,0.14484088493804614,0.6725404315482381,0.06795463798699819
131,0.06431061251907799,0.49596419116137036,0.5784120157248918,0.3111005738038184,0.030315914000953903
132,0.9578186456116198,0.6883833858858616,0.9643717905060105,0.06135247737518312,0.4810258436837356
133,0.3835372877707811,0.6444578603158988,0.5167349784620897,0.8390355622748873,0.5429538442323029
134,0.4159581493818132,0.3009450009716591,0.8501257620711298,0.44710248814548004,0.010634986973502625
135,0.1788413294083876,0.25927121074797954,0.2578130263237247,0.5407875043420285,0.10288980734467446
136,0.28175322823086946,0.925527147151882,0.836053687771524,0.5713866167025504,0.6135272354639537
137,0.8396290912151536,0.9460763120942839,0.6390098325913431,0.3341098767014443,0.10051704527611638
138,0.50496435984956,0.9206924692796664,0.6361004991749928,0.07377050900196824,0.38015799017594953
139,0.9889473835772615,0.3171326903994701,0.5611637840518064,0.5710947002003082,0.5857543359905417
140,0.20663087006087755,0.9403420069386725,0.6971092825621418,0.8313334620174051,0.4696706325976685
141,0.5463502455058282,0.2459088910615398,0.775896687388282,0.5349127801033754,0.9740598162273236
142,0.6019039863958314,0.2814380855151124,0.6843025512847198,0.9526728398695119,0.4682037794660746
143,0.8141976599138355,0.8749379856401517,0.5194300302046502,0.9384914066308216,0.3228855157165631
144,0.07061565866993125,0.9338985099907866,0.565316413005738,0.01695415214439544,0.20686223389670977
145,0.10787976459500481,0.5236463548269706,0.7189736559503263,0.03239711026887426,0.7045081420224609
146,0.12182390438856339,0.00012179355070396358,0.06747642824289357,0.48063860419653603,0.8738433940844245
147,0.19027698715104802,0.7056116060966963,0.6259169196776242,0.03841916805558443,0.053549404964161496
148,0.7381752890640657,0.03818658895012195,0.7718690871144567,0.12112657849050257,0.8210413716535817
149,0.9283415982084936,0.2041968868672176,0.5783424722799859,0.5294334416759523,0.05437280497616992
150,0.3635088416327612,0.8946645340953746,0.30912835969569674,0.763895038799239,0.4377297696943431
151,0.3789832546818034,0.5451425048981975,0.7106361739187351,0.7176698894790088,0.14904768305007932
152,0.2908884646102987,0.8630520161275503,0.45722516775125843,0.268746484069351,0.7070908402838518
153,0.222792102526987,0.5184095662787561,0.5269236927196405,0.4766724362197413,0.43546757023758376
154,0.8548648324554297,0.7586672113796001,0.7065832244578799,0.7423969399118109,0.4415089727226822
155,0.061952100575264235,0.1730680455511031,0.15135064378874707,0.6860499737791292,0.27722167098289685
156,0.788120281224667,0.9501183350666437,0.43337052514672303,0.5671672824902713,0.2752074269782341
157,0.8994476221971537,0.174818135821189,0.48083042392953745,0.513405135960868,0.6318487449126581
158,0.02325669125944707,0.9555002032544267,0.5916610555767277,0.7981908222195938,0.716412660630324
159,0.7108430907452875,0.44800170626801195,0.3186289924630966,0.23953868721463978,0.031343751952022436
160,0.5759340173647748,0.4295287797918541,0.5698548339701056,0.3951072640748403,0.4113067409115926
161,0.8231118249699952,0.6842795371896472,0.3077737866973498,0.39669420974525327,0.9360274429120542
162,0.008017280440881125,0.9261600872780136,0.007475920342476239,0.7776446786195649,0.6520399198438033
163,0.5616973231112296,0.640576328419832,0.12283258684026477,0.1292435861489314,0.43550000309673653
164,0.2901484955687439,0.9377674143290667,0.059852088570324646,0.061275261143234006,0.8309247362571351
165,0.559299516060018,0.7642406613303966,0.6210847441488507,0.6325673312839588,0.18722013577704955
166,0.6617440616196396,0.859480369981471,0.44800229065439257,0.85702583016468,0.5620925766716123
167,0.5576047872616026,0.3364919641927874,0.303514990924748,0.1727971492539293,0.7006719652802879
168,0.8767602348198177,0.6657150306218445,0.8263973979243273,0.30241823660138856,0.8163272633873375
169,0.24830668564425995,0.743086469677392,0.03838969597182784,0.28918372320227703,0.3185373126538067
170,0.00606834703411574,0.9942318932265847,0.7122435834444035,0.9428215133553575,0.13829491249547043
171,0.6319230595307683,0.9520441355361892,0.6708133382622786,0.6427202386815624,0.8510342886556751
172,0.7348610631108176,0.7809538238949842,0.5508318094857688,0.8771887498678768,0.1493700252051685
173,0.5091054938909281,0.7402482086274211,0.30059478532119377,0.2792938987097453,0.9863993254775396
174,0.18865285951996358,0.3565785289726999,0.8163681234229462,0.6499619456302242,0.5582986322764348
175,0.9329832062552127,0.16642938370499338,0.055362963964085465,0.6705621443638198,0.4428524903635658
176,0.2160596234129425,0.5191200494616364,0.44091904744709254,0.784595718051652,0.8259588505305512
177,0.0018825179737761433,0.1400632331981443,0.70482299048365,0.11156020228513808,0.48067160394187913
178,0.08796934743408613,0.05057949279015872,0.45752258716641403,0.08945826994381245,0.2852224137713012
179,0.4979555911961743,0.587539944210103,0.6353808621071612,0.8075877946286576,0.443998680197187
180,0.937387452519481,0.9326410882660106,0.49085814083416013,0.029004538399731716,0.5630641840697007
181,0.2721429522494394,0.9269410333875384,0.10729284583653409,0.767842452292112,0.5990097380427429
182,0.6004408242028522,0.9929366876939376,0.7774471039908984,0.26651004584284355,0.2443742769037769
183,0.9979793308503332,0.6657353573526339,0.9066737189030671,0.8797314525493705,0.27074235538797375
184,0.6884279865913415,0.6932471980986886,0.3031563649392107,0.22405744950496964,0.899277229430999
185,0.7447783743685649,0.4087302685169598,0.9497959942160137,0.37755105036914693,0.03211245589308154
186,0.2711555537649629,0.7545912785526729,0.9529266507186357,0.10587199863312435,0.7507421485504232
187,0.7013723018928072,0.4171247659693187,0.3120050519328791,0.5793266029440238,0.22338528250252176
188,0.40698374329355436,0.9852448998289833,0.1859750999080939,0.348461258636902,0.5653176407896139
189,0.33603720457805963,0.9251741914164119,0.5748675561552374,0.24163405564071017,0.3884804153719461
190,0.896294272724353,0.3960011457894149,0.14478418771524704,0.03184095993927505,0.3421352069213366
191,0.15436867647958608,0.017282258803318573,0.49745350404076116,0.1577848322937132,0.4920576122529817
192,0.7397931859471634,0.6578534821005302,0.10926202334466584,0.43108918119830875,0.5897460057083873
193,0.8387713379521818,0.9122234953687357,0.3851864377525124,0.8719898203750102,0.5199513867665012
194,0.08910457022690643,0.1991890448979473,0.4394771776499711,0.7973169336378799,0.6481937649034555
195,0.7733166825426109,0.5076054900859458,0.06890844808819818,0.16451271069949924,0.9317883428850435
196,0.08924756197257366,0.5653948599962753,0.33010210722464073,0.9273996185377233,0.6469013425400522
197,0.6569602225190042,0.40571772307388043,0.10316828421626056,0.2137480751782731,0.8129771631263716
198,0.9752371686623995,0.19432667233018752,0.8869831205384026,0.4118229602047735,0.4009230766825794
199,0.22426810668066843,0.6660010349761362,0.9232275700025987,0.6784385606046278,0.5658369149208459
200,0.6838993442998941,0.2730281713946432,0.7294305687403229,0.8896521962104681,0.4947870765075997
201,0.5692074537722515,0.2926755098416628,0.10707056787372393,0.6030086731121008,0.29574335393433093
202,0.39923325251237196,0.08921940901386693,0.16652228467468944,0.09280701391574087,0.8166082777865319
203,0.3342293139381499,0.5512247627420949,0.5262644634968517,0.14918481096607683,0.01192570209203525
204,0.4025947792428194,0.46710740342337786,0.551246808132993,0.21687790697268583,0.8008425762065106
205,0.029203104675276093,0.5946428563262898,0.24179584997927484,0.22707782184351533,0.2935441822157261
206,0.20314643274621846,0.619894872702042,0.5379288029977828,0.8753895480300546,0.5858685628874154
207,0.1649532893071175,0.8727068076688052,0.9147215343097878,0.5504256909487832,0.8443492416191002
208,0.05512109815497657,0.5739361419649422,0.3551568761503173,0.870861388304837,0.22860078974123155
209,0.3034187316380913,0.5244466152492336,0.7306005146751384,0.2529767211686169,0.8276468575546363
210,0.2825049869841467,0.9650870224403902,0.8763990697642225,0.21805727045259926,0.5385567945556315
211,0.5374108925848283,0.24861156448569366,0.7979663975643702,0.9555961493305284,0.8181624776999896
212,0.587602103023467,0.3294039792016865,0.29815665244978096,0.16925181572513348,0.3617029087452276
213,0.09321094885663417,0.7403797353626604,0.7901253183962047,0.4980267718493536,0.9140548518893638
214,0.2377017952929691,0.6103908265134302,0.35423740040854823,0.9055697139873926,0.15736828748257026
215,0.7623525855726236,0.6041900438779069,0.9980210907349074,0.03136826646573165,0.5156573653580278
216,0.9014663024040607,0.949491721381585,0.6829526476435769,0.5104975054956413,0.037854148842495716
217,0.05517537604160616,0.48709738894636245,0.7118393000753075,0.31103877010092995,0.4189147458262573
218,0.7198448176543675,0.8033338006703877,0.15591152990098667,0.3364535734402555,0.9709933997166215
219,0.046539902647610654,0.6248226456559645,0.09853040846608929,0.7122505102545328,0.6738633792213418
220,0.9692732456555256,0.8655510353775913,0.773075447219677,0.839675852882983,0.05240578492402903
221,0.45517636990099,0.436817477068711,0.7927978201427905,0.702956413889051,0.8907348912420482
222,0.0951763818734126,0.28168869825201337,0.23407942059152587,0.7946122066669309,0.23209498892448277
223,0.8503007408731187,0.1346939460636759,0.3251816430085879,0.9488366103598,0.27854708174058285
224,0.7962154890030647,0.33448840776989175,0.6794617190748353,0.11441426915242081,0.4812097540022481
225,0.9023992775142177,0.2618302589690229,0.6686794812261728,0.4010485182589877,0.5255625497575843
226,0.19268631342562637,0.35985739309718523,0.911556748541256,0.11849303365576525,0.47487019417460663
227,0.4520434705530001,0.9780745658152011,0.09772110562384606,0.9133942491194009,0.14606936560614137
228,0.1202097693283094,0.6415646139291337,0.9702110408461582,0.7952826326573837,0.501381202808698
229,0.4367426044153193,0.0037077689215622156,0.6510505706864654,0.9968765007100157,0.5429509481960407
230,0.3485366040148802,0.2013675753186952,0.5747125237501832,0.5548094784877116,0.014333237902232954
231,0.5515043150916035,0.6549728821025953,0.21325897980732644,0.6500988997279613,0.24725700405505213
232,0.653965808625434,0.733756160532535,0.5837945317892196,0.8698108416903895,0.42859238041575487
233,0.5238974198486736,0.8164916071384485,0.9595240415261136,0.17454825450070022,0.5414429131897204
234,0.4304643614281016,0.1990389622946448,0.9044894690738648,0.9111423295978743,0.7914839213582211
235,0.1559841145912655,0.9897635620326996,0.8501705433641896,0.3872551815984827,0.9260205785590324
236,0.5374653581458714,0.7168720572302848,0.5638952190379662,0.043058248369788554,0.9830040149181093
237,0.6332519283306136,0.9045582244673261,0.6792119007818034,0.7085648129805275,0.14984984309779936
238,0.20251954007977802,0.8207718941507379,0.16429242381714415,0.3141430395685676,0.5613322527233079
239,0.7331885937763651,0.33141964604966534,0.09772583093230369,0.24448647137894242,0.05243968716442737
240,0.824267368196246,0.7171077641090864,0.8605606773532578,0.15441890650397272,0.7066989802616149
241,0.3623258368593043,0.9020590440723543,0.238035805246,0.4840646373471059,0.5897379695639852
242,0.3779531918521599,0.9492682062369324,0.30935888420244795,0.7487292853435393,0.5364090859191617
243,0.7981551100843354,0.6543562638746164,0.6771328855728015,0.2862106593806971,0.9637636497691003
244,0.3190015807427683,0.27196137208778526,0.4782460422416601,0.9596060804726906,0.8451645549471932
245,0.4567187522198395,0.006067456923122605,0.6962319365698996,0.5252575061059882,0.004855601018530553
246,0.9901370386543532,0.4748982985144081,0.3739088604618167,0.2216478099462882,0.25555170536244665
247,0.8438117660058597,0.13782177605405765,0.7577750288840044,0.7214249984301249,0.0941615499824141
248,0.6554632214382173,0.35785291676688413,0.9518759875214858,0.4923208637415314,0.011036761061169353
249,0.9052977474608724,0.4017534234447929,0.5629497919206043,0.20824486199202707,0.6308990124962989
250,0.5622763598793269,0.7508454948357216,0.4753810464210476,0.2232835387687383,0.30054025979055987
251,0.17093352575392617,0.5072131886085597,0.971880120107408,0.08066723632711126,0.6086378673442691
252,0.9951899721214263,0.15861560163011212,0.5715558916256683,0.5072216546591192,0.6457689168677705
253,0.6711191123416583,0.24047384402317462,0.13194900216975736,0.6266661621367887,0.20736127976805185
254,0.2733551900970642,0.21827436842047654,0.9223423409804465,0.9053804461715556,0.13073738993885275
255,0.41279004560087673,0.7621696887611271,0.7346552298922305,0.5265927808070774,0.8261999062279101
256,0.6443461363808347,0.7045987987855228,0.5574034239169021,0.8588542185143971,0.4929213604566439
257,0.2965318309380952,0.319325526307618,0.2965861249778744,0.2593537270580337,0.7753424824613
258,0.8607140673234721,0.11846731317923276,0.020354577684757236,0.3989933975958567,0.5705879517701943
259,0.9192948175834746,0.3851902046027619,0.6396501595326389,0.3021361420876112,0.46232852924980505
260,0.4229827016669193,0.4982314245869617,0.9998088050087991,0.16513682956399922,0.2451926874516066
261,0.7437563421658111,0.7018097198661513,0.7434232454466637,0.23797837308573677,0.4321677748249997
262,0.4233940968722685,0.12189574169102824,0.9944359478536496,0.6894955053975499,0.7789832079956689
263,0.7493935280290953,0.2883699414232732,0.09656330559807758,0.33020571050814074,0.8552751442809956
264,0.7263333102717755,0.48631593325659195,0.10260341011401641,0.6405338876695348,0.6318314350231871
265,0.8878740014161087,0.84767929524102,0.7754785141513644,0.35088820162788426,0.8102409679668636
266,0.2038812026823541,0.8959521459412456,0.9466813719461613,0.16104609013324866,0.10248784620236573
267,0.11062762427912043,0.5327788056214472,0.8782844883980129,0.8297344811297303,0.23500458209956254
268,0.5948585717820161,0.5811060690922304,0.1216715623532838,0.471773946552817,0.8239605132630157
269,0.1795452113605993,0.54973470439792,0.900815979305942,0.07240771059180029,0.24996397075740195
270,0.8888645059660872,0.6256399748500573,0.2916778581476037,0.05545422243676257,0.5783754996962964
271,0.5970558051076031,0.3216997967344686,0.9712038364524181,0.9617740460667161,0.4379592459424113
272,0.14730913348262464,0.7595178218808507,0.7896868724726893,0.9943934723470969,0.8817337698180985
273,0.49407682903259753,0.1761675031156107,0.658845278869469,0.0772379126135484,0.8865549980366166
274,0.5365240549758999,0.21482537773058819,0.9956697197317846,0.3027996059456939,0.6015728394366022
275,0.2323258676193356,0.8360237132287137,0.7881326845907223,0.8270486755061437,0.9562537554452917
276,0.8877562520161446,0.5725612716576339,0.8508382556871911,0.5632153732374722,0.978099423766378
277,0.42044031455071496,0.9597202470658308,0.28273447489139536,0.5814950414045948,0.2649068528300639
278,0.34257276517886026,0.39097049172070164,0.3327547175763975,0.33614312498290455,0.036977793541538406
279,0.1733065511957782,0.19077405082758647,0.4273881336629941,0.5629852051201848,0.5740894540212875
280,0.10915756335240656,0.5814486131808264,0.2604353837741662,0.42677366639511227,0.2986950736628371
281,0.7137314115433767,0.7519380629703217,0.5055600436032203,0.8081117494480016,0.016704559293826637
282,0.21358312957727943,0.5282221287480823,0.9158574306729621,0.22900506982380409,0.03267408713676789
283,0.07721545155838694,0.21668342588303147,0.760769865034882,0.8913523911995371,0.9700763615440066
284,0.4128572147712255,0.7551673329354237,0.044709176853989674,0.9040846383381455,0.5476543556640723
285,0.8801119080462391,0.6776917961350561,0.746707913035754,0.06734082947868503,0.9724352527652043
286,0.015655177293466993,0.024229835658463372,0.37614294764951905,0.17382308219395948,0.6373159008717949
287,0.6331921780642986,0.9810941245101225,0.25613479994920674,0.9823437060913421,0.8182446757667633
288,0.17543730790792356,0.14380611122575115,0.5383038753089826,0.4610447906367483,0.8638869735293822
289,0.2867869121088952,0.8421061062440226,0.4819310746590003,0.965739534791266,0.6252891269947655
290,0.4858102719958911,0.055290097981745334,0.3623915018116537,0.9531187382840077,0.3604978174678717
291,0.18210554073668972,0.27922352824737495,0.1987790530015905,0.07766297211522055,0.17660131027109915
292,0.3805223392898748,0.048847466913322535,0.3917949161176756,0.57308123502165,0.3849087341783929
293,0.7257867606278282,0.1640042433777198,0.5457510309162836,0.46866546776478823,0.21662895201218924
294,0.28621080503049445,0.29595874904894803,0.988665731555108,0.8939561043158087,0.15254447229376078
295,0.10354897769419413,0.6547302905373604,0.8813409839794392,0.4009158273542236,0.22955118927337015
296,0.05361326707237268,0.10811155291984631,0.10118630733736644,0.10669645729151533,0.5450059667782904
297,0.2617689529222713,0.38296545915957503,0.008959814817692036,0.6756936730885272,0.7816940505513805
298,0.044105982338892846,0.8392596091776106,0.286868180384689,0.2942901295847493,0.9468797030043281
299,0.5200540857948975,0.39758852500205655,0.2523148066885068,0.5872734633886809,0.8730834759129448
300,0.7386608058403928,0.3820068189024647,0.425630799470317,0.149925472237311,0.8800469126909012
301,0.2772481065509912,0.5119404103380767,0.19708564189236333,0.6668400354223061,0.5200112265625314
302,0.5313852030541459,0.6421756868815877,0.7830537086013349,0.040546497763702005,0.8448573310239379
303,0.5057133602026838,0.018047876934150775,0.30497672339547355,0.4776817989814631,0.513165610849093
304,0.9417244945413928,0.9713716610551385,0.6946222758197926,0.07337550086910516,0.39089382268292416
305,0.28280078710882073,0.9864602566828468,0.911659959807821,0.3698048357878907,0.11974875669193974
306,0.291504556823727,0.2675776385209807,0.23244999492239204,0.19544035658187286,0.31067373689979527
307,0.6128950452876324,0.7286707828868866,0.5619793613757675,0.19433173557836503,0.635633703424432
308,0.5804429339036064,0.9397037997362419,0.14123109731127426,0.9864922407322115,0.3381604377456652
309,0.8252795466056534,0.5392024795196814,0.38029951677336993,0.8207241988061149,0.12610276338476067
310,0.45759233810832745,0.43302703904723194,0.683574930726101,0.0037682441980021464,0.33114667386323393
311,0.1967177886283592,0.15641831320691713,0.7644432232056922,0.5132794387795147,0.9479186063992238
312,0.5880590878573559,0.18861050531322465,0.09359346472218932,0.06758592650153517,0.5539563085027424
313,0.7960733241942557,0.5185471544058976,0.8787278484457455,0.10348204385431481,0.005471532203434104
314,0.06394617682805048,0.4200907184371139,0.8162058610161271,0.6990208986350785,0.16742871804678638
315,0.9972805536123545,0.25009587725464855,0.2613442825772122,0.38664587991766575,0.48583996954120556
316,0.19277553327040653,0.013289668121638232,0.641974164771795,0.019682973188867248,0.26079416980875325
317,0.1037186580985684,0.9232109327720899,0.8436701429925915,0.18055428996321754,0.037964394469932605
318,0.5318902302546203,0.9765647153399046,0.4560758870672805,0.9339683400476758,0.941918717951262
319,0.7885758900628166,0.6627527857003136,0.14052344996181187,0.02913678066552261,0.4506236477547976
320,0.542168126868652,0.49310197633524555,0.10079734004193852,0.2794526565233745,0.4475785233648545
321,0.425822224017265,0.835286789850245,0.43568925122645463,0.20326954639637074,0.8982931113456265
322,0.85915221908145,0.8805680548986574,0.07801723006299022,0.44693170255142023,0.7429417903563436
323,0.09133113440226215,0.7362725538520963,0.26435814541828273,0.9516626363424002,0.16173933217428826
324,0.2649767178062101,0.9006691121962483,0.5148738263267004,0.9374676381143993,0.7601775469452624
325,0.9168153657013312,0.4193021394810674,0.3285982275812358,0.6744460747257602,0.5787962857414649
326,0.13175442065344256,0.7937780280112882,0.45343150076743544,0.1858172026449756,0.6630474479735241
327,0.11254946233304386,0.7095126039064245,0.5773822450383096,0.8793380862950956,0.17713650856853747
328,0.4874816162916462,0.42836360807121177,0.7903393434881092,0.4120806757895866,0.6975605344027037
329,0.5506517421090036,0.46133476293760156,0.8868970161982119,0.3115454916535134,0.6509070072722568
330,0.06761159417201879,0.9736548867149519,0.6934043878943728,0.19958679606517205,0.2014663649503048
331,0.4462593014475954,0.791141444763326,0.750008257875291,0.08512478855129413,0.4798929505568622
332,0.5499585655501948,0.18767523536940278,0.5523861144570759,0.5799208408661432,0.13373638142343403
333,0.4416220933436126,0.44919791361195216,0.7584481592740934,0.2338990775477302,0.8438838209762071
334,0.5318534626595346,0.12542047840493686,0.8488521247983327,0.0038936615491995674,0.494871611208063
335,0.9304675493279644,0.09844473140534327,0.05354638346293039,0.9057029066284277,0.616120336324251
336,0.8796918511380813,0.27017557252278457,0.5942197765390178,0.023772031524134096,0.4595579038752148
337,0.26342130181387724,0.7663612385019474,0.8465496263992355,0.9781651908835325,0.28683272125317416
338,0.8552103956815399,0.6569543109685485,0.6208824959132369,0.928400027247832,0.9222890965583284
339,0.41319499391756564,0.8685534785878875,0.45217914455752095,0.5008564473293243,0.06370939847362933
340,0.26280493430513163,0.43756252890720826,0.8752561722140065,0.42705264735874593,0.6180441286715748
341,0.36720768533222203,0.48256654891275974,0.22116450844993185,0.22622742346214297,0.019601359680900154
342,0.4366899861476543,0.38468163219005314,0.19710478585973856,0.17551667765376866,0.7352182767986659
343,0.7732381794798376,0.1901138882805069,0.7803761689922823,0.7379030688017253,0.09334382091953397
344,0.09147668938795606,0.5214343149634398,0.1253800226053272,0.4269689910695478,0.4471633387479006
345,0.32757908899923527,0.5469108662487253,0.4290066779907935,0.21943516929007278,0.6207942728545438
346,0.6983927891713735,0.4530341356163793,0.17604007210243922,0.7234804070221632,0.7024570880752806
347,0.4587455671892615,0.41516805061701767,0.4385686877944197,0.15765053068510393,0.8275218898261687
348,0.22028486053134022,0.2856043269857842,0.3654503905841038,0.005854544736471401,0.49494147462111937
349,0.8790735143659836,0.32950494441259337,0.5778534348928431,0.0811089625824486,0.766095338445324
350,0.132797539329776,0.5894458374696361,0.6308418600518152,0.6620832032123568,0.3269585716855963
351,0.9799472169012342,0.919450551136386,0.6323851254386306,0.6716775083531414,0.6441418353997641
352,0.4596974659303663,0.11596794037487346,0.42771129720354883,0.7985525777324509,0.14499520617612194
353,0.08165482311439098,0.41024751056464415,0.2743366461903537,0.2680706083620108,0.4385456129742672
354,0.6543007698330577,0.049570707278910775,0.99152226301264,0.32252422162852257,0.8054903480460159
355,0.8550376271062621,0.4329588132258616,0.5659934334897262,0.948328300619464,0.7828910013885672
356,0.7521453125726377,0.7689982822632104,0.8233511199591353,0.4502657293446237,0.9058157807180763
357,0.10435211145884815,0.9852279268431413,0.13406635119157095,0.7076827556970688,0.4068035844062776
358,0.7994709647383288,0.8687604803331207,0.47906218540148404,0.40951710042238654,0.9744691917378936
359,0.6952630529913392,0.6177788012715374,0.6308408392602953,0.8515442583040933,0.007857275535817165
360,0.5523320245565979,0.011692457001117873,0.08567976805942756,0.7095748615478685,0.7775938518321797
361,0.07013639780892023,0.12065012997486613,0.7667623266706136,0.9214041697239405,0.3518109380920986
362,0.23006973070650205,0.058594283238145195,0.23075793800738464,0.07797475678877108,0.470812261315417
363,0.4016241489962422,0.4028458853029433,0.0051804161585704556,0.2336475292424186,0.4070746944453473
364,0.7846068008638266,0.35418714524080985,0.9986911126064686,0.5313415506726312,0.2400908905954705
365,0.02614926543917906,0.28895848933538515,0.5039146267837165,0.5875209999556759,0.6643367779047401
366,0.939374928149612,0.7676544563619078,0.38221688345579463,0.25403752764759036,0.7362661114303959
367,0.45619578055509424,0.5157695790951051,0.38587596052700646,0.8114243433549863,0.4724508999205044
368,0.7290970392691543,0.38011319323063275,0.9268382352409735,0.40293708184352484,0.902535619021222
369,0.39917860484701206,0.26722742364243157,0.19070682045135612,0.824862693774177,0.1635367104859372
370,0.20925986100985816,0.635015982239193,0.7406265404320084,0.9627030169415141,0.7603772907093698
371,0.4278385964204947,0.6758849523111873,0.03861297026137778,0.4052753727345584,0.10914301427176243
372,0.976911687033699,0.38657826541609863,0.7499934601143085,0.25955783392761167,0.9024242141413529
373,0.5570377621276027,0.43031608362203755,0.8337468018881351,0.6005540708611011,0.7867260163526565
374,0.05703471830657181,0.2248858059396095,0.7921402089397672,0.5563841508697629,0.10486707329051259
375,0.42517604722195756,0.03878235585232914,0.3766623884077416,0.9167998503536845,0.8354684106090229
376,0.38497322436138304,0.8779227467754167,0.6154447312108042,0.6840031502081438,0.1487450510136501
377,0.6279645706237754,0.296787282077298,0.9134267444059422,0.5547578170509809,0.058978665426766774
378,0.42625120768494396,0.9817261648630062,0.947207879761029,0.047006387748809164,0.5037589157266399
379,0.7055745057249784,0.4309302210209671,0.767212910846007,0.9000667612713212,0.025323689019718487
380,0.09045606701645392,0.4899526254313131,0.6618786502037971,0.9347104369649782,0.5528943468100532
381,0.6492859870385883,0.9964313980723454,0.39074883770126134,0.01576251002990514,0.41546235208914284
382,0.41766566525441795,0.4448405702535727,0.055586908929671774,0.47813974223712485,0.24411355603587537
383,0.5750562198985775,0.19827711249808022,0.0024364285931610663,0.5133034858437774,0.3507752149373278
384,0.025042034319187056,0.6093370921282264,0.7696426031186315,0.16115580053565925,0.35840413913381897
385,0.8510498580316257,0.8732401741795924,0.31765889936240466,0.8231818913525079,0.45314099229116755
386,0.24517435440064794,0.42052851538788494,0.3641385682298822,0.9677950779581626,0.8804999119971385
387,0.5162147062148205,0.281204159797802,0.3366844936174458,0.497419540616414,0.3865944703642217
388,0.46806562664983775,0.26974810437529884,0.5136326294585771,0.902745864060359,0.05090026040384521
389,0.7737563821164487,0.1128184472125765,0.7581115831288645,0.5694126819925841,0.31333178089891
390,0.29937948447681073,0.27178424936299705,0.09676379371428712,0.04530868406215394,0.899895410105145
391,0.06803276397871982,0.6122401056533372,0.22018818956146147,0.5474761152613995,0.17272023610428433
392,0.03232567662225372,0.9633174394902534,0.7229837508035419,0.7607299394131933,0.736288447044853
393,0.23529368080241997,0.7460919192723853,0.7487440785978254,0.3121945684069274,0.49437940262385127
394,0.6489435148789767,0.4979852059359744,0.2552141053971825,0.8504866818734979,0.599346870380628
395,0.020200276904469905,0.586761941460489,0.6223064818177829,0.49602793666393685,0.42060989878017685
396,0.49720804969687815,0.5472032193010901,0.30190645472622335,0.04664872804798381,0.07047628593985011
397,0.5700291723316376,0.7433753600154499,0.863792436054672,0.6331116606319172,0.6883448010757162
398,0.5619767199838217,0.6842521706780924,0.20115664160520474,0.6981946863168668,0.12336913960723561
399,0.5155895906694576,0.5275830589585181,0.052731102218045556,0.0175403701786766,0.7697076697831777
400,0.013053479232730036,0.10241206627352473,0.5704228697511585,0.2761398034700737,0.3073895940253012
401,0.37488531535651193,0.7487130940066576,0.24324606856086228,0.6844970237981529,0.4412503283791305
402,0.2612615393091219,0.015656317436181566,0.98469628683895,0.8474130705344639,0.9764931627208049
403,0.28896764720174783,0.9707066134534386,0.37622568265938783,0.9333871797165882,0.9080860095769777
404,0.10274979506996207,0.9172657635687339,0.10456626231204424,0.6411087426982875,0.9249488284373938
405,0.07771439240031486,0.7582180515026739,0.975611373443488,0.39573781871100044,0.8749755361333311
406,0.3844604877103581,0.8802281517753476,0.6298783917251611,0.7495098076513107,0.8665613729625438
407,0.7289817674094979,0.2103819016204005,0.2133492914109244,0.8767545446690718,0.974226420787803
408,0.35064324225085497,0.11600272374890819,0.9172630753710516,0.7581346543558543,0.26598330343147025
409,0.27784821032892426,0.17578663094850866,0.19877773857178627,0.951700490724056,0.7149037231643506
410,0.1540303774793944,0.6010124618895462,0.28796939890049567,0.9619400165832203,0.609152974945109
411,0.7806996175373794,0.39382437199524645,0.7392260580851092,0.5838652198128069,0.5084975086653888
412,0.5856054516701169,0.8620414845056403,0.5866292293528472,0.1318018294612613,0.7281970981500396
413,0.07960461097906346,0.8875692629049566,0.6754338937482581,0.9477699451483882,0.0485714533959094
414,0.7848270562685761,0.02908505422149521,0.4197036089733148,0.761500773961429,0.4505347640082299
415,0.5614092265007579,0.12590681216967592,0.9657458589722524,0.6068211073473406,0.5614388502061217
416,0.9980261372442206,0.7381088627750878,0.0006748669808988028,0.1101989888438707,0.26056009305515104
417,0.1883557862371369,0.8474228506500704,0.3256276297856804,0.9984624332638006,0.09586172925506264
418,0.591290150124448,0.8792040727789605,0.19809355950155583,0.5805481534539406,0.499739001116679
419,0.14973505578171387,0.7835341302216903,0.2606206232329974,0.7695882708633847,0.41632498822261976
420,0.5690326612055046,0.7532227651982205,0.2331230822307564,0.6602473056452828,0.33753130634354445
421,0.38890643764040345,0.34005606060094307,0.2319061026313679,0.3993940971895915,0.4069924434346277
422,0.9024287752682664,0.8302396774913079,0.07281701295786092,0.3705017105475863,0.1600309423077486
423,0.6405312541603189,0.35675566567879546,0.5696110849559872,0.5875395507025509,0.5846545091444345
424,0.9801950571252833,0.8813399759504116,0.16919979890139947,0.004173451322008526,0.787786147675011
425,0.9534088815209976,0.585572179364968,0.861082310882396,0.5687994439650981,0.9710926513684395
426,0.27247681337058305,0.825412004815667,0.27387961813058015,0.8204881216034536,0.8679026925706689
427,0.32081241597646204,0.8878531709604265,0.02683292121446723,0.6238590700947646,0.841353916448362
428,0.9016304771712104,0.672421732140107,0.7663579025775885,0.9631584077646037,0.37151737144186314
429,0.010182276899817988,0.9593044694823151,0.8601066329785294,0.2846493695735782,0.5238834120394051
430,0.5787208601242047,0.4622290484745688,0.8064931522484313,0.23536766221351224,0.07797991498674761
431,0.40894772337214036,0.00041693408894505346,0.7335030897507367,0.35065383425414487,0.3740992141197035
432,0.8031541365010046,0.21774584442122014,0.9937749425433561,0.5434827899247876,0.1451873160443239
433,0.5066946983434225,0.634929842586267,0.9403367137104176,0.8356804689473477,0.03633580547739623
434,0.3559296683588461,0.0725805432956087,0.9281379466720159,0.4595569994159414,0.3065501423370274
435,0.9651672652581725,0.09172760140035974,0.8791511427241894,0.9039623322324158,0.20714737747119905
436,0.1455725043196493,0.24034411019532298,0.18168484181823719,0.7919171210184224,0.21929848767428273
437,0.6556906799421106,0.5089388183623936,0.6593604132856046,0.8057434265346256,0.5713589374729217
438,0.46505100077415606,0.7298813603833216,0.2947351785662434,0.07134189013166525,0.31397691296483077
439,0.3098004019175402,0.05405336136308325,0.6591837261348659,0.6681886317000564,0.6001328800420153
440,0.34000494072144327,0.7230204837619669,0.8904950805281436,0.07670617694424986,0.17871329534494063
441,0.27517927436148115,0.018390498331230964,0.7556722081556703,0.8252260951733972,0.3366510250108913
442,0.5743101872431267,0.6773023634412771,0.6757617422732088,0.3903859169987307,0.6234258413359043
443,0.9301541763647914,0.6992820022306622,0.9792266018625734,0.8576568068504344,0.4837993991549766
444,0.8041678775565034,0.011904664414605026,0.2638599219282879,0.3641157187933014,0.7417885918901573
445,0.031039384208478626,0.6252178704479897,0.9095672677964797,0.16654748770099992,0.2559592921016759
446,0.11411320580004525,0.23596350442807235,0.3772749967400765,0.3747370472824638,0.503616857297493
447,0.8281829799419604,0.07826717606654887,0.11789775812907055,0.7101325280172925,0.45798355098818055
448,0.11321796825733288,0.6298737412047226,0.2188333947314982,0.05036867490728869,0.2840466701253175
449,0.24844942894439437,0.7897907757015742,0.21581841377850786,0.517519901286269,0.4419255482924921
450,0.8029690196941935,0.9065576195189435,0.9487358039883144,0.3390706607591871,0.05618036584490593
451,0.20652441800401422,0.5037236310289278,0.5037914085190692,0.7727761697149018,0.029795169001420208
452,0.3868211197321132,0.532450792991233,0.9365529631320568,0.03253868529209447,0.8976199592237101
453,0.02521463193707696,0.3705559531247553,0.42264591025208453,0.08159927904195519,0.8919352019907907
454,0.20469006914188037,0.28432747863868146,0.1400863054358895,0.8087506305802019,0.8688543879810019
455,0.9422382559730591,0.5301195987706274,0.2797249154329914,0.11644385562939608,0.46057298420796156
456,0.1256202333210611,0.44446422177083966,0.28495908027029526,0.9490894495181819,0.5780739839000266
457,0.14492471246758998,0.8645223676013323,0.5101396571084096,0.2958204818286454,0.7978618926347899
458,0.020941544977416404,0.3538764633865259,0.38591907770117106,0.7045746608674925,0.2831254246400605
459,0.7589501273530392,0.896298096717645,0.28508975899997513,0.6639205841970518,0.9518073978694548
460,0.46769468312517515,0.15242979504062082,0.4653385284961652,0.12394582984008617,0.16846667430226103
461,0.28350647417777386,0.33853034592479925,0.8417372215295043,0.6097962147838526,0.3994902174298647
462,0.8800763251951654,0.5402867298142519,0.53432642575138,0.6127048471568872,0.22492302729989844
463,0.4896100161460052,0.04000589288759293,0.45948620406375107,0.24835801736669583,0.5518239372782054
464,0.04769074752841229,0.058772419647054264,0.694762444909073,0.17262831119453614,0.7066570062314221
465,0.09078528893449611,0.27390457020632275,0.19448352569335836,0.5276750144987669,0.41257432267724325
466,0.7248787738575602,0.0204847767772659,0.75943471946324,0.344857655095836,0.2829502450932544
467,0.30752856570192333,0.5673400928858118,0.3899871520822571,0.7407220747930925,0.03876470441269597
468,0.7361945730627347,0.9982511845328315,0.531463944655618,0.7100293227628043,0.8806937397930652
469,0.2911169773905564,0.3323196839349154,0.00932214748202409,0.03375248316670554,0.24600570149356016
470,0.21603439162303295,0.7584109343884275,0.7088547766979977,0.814241479199636,0.6697116346089071
471,0.7382795275130785,0.38219748984687063,0.7712781200068585,0.3933920561932225,0.5975806990478364
472,0.38272075169281605,0.8740185137201212,0.5075363240397942,0.600759614744963,0.2238702113665102
473,0.07470713738385781,0.874473840288367,0.32474787104212643,0.14748571280413747,0.8221712714001487
474,0.8696458055089528,0.41844124850972064,0.09675478070888388,0.46845779135550225,0.16171485551092257
475,0.9961370066109304,0.43103191762746706,0.15237215036427576,0.8125898441381497,0.6842314386427689
476,0.2429799835201687,0.4861827777656237,0.48095756931574074,0.1863311398214631,0.7054186168038239
477,0.5419546643914778,0.685664445116562,0.6902129066736399,0.5483440785367838,0.0011877335763748054
478,0.7527292907712382,0.9335258357234029,0.8518562624044114,0.08982796675711302,0.5048503364557478
479,0.20982852098392868,0.7522474388276964,0.018682299777784905,0.57758655555001,0.6617584202055916
480,0.3645206395637507,0.22865218366871576,0.4495377962693212,0.3625275089258788,0.3934774579421496
481,0.6223493625052537,0.03858489408621202,0.5139874237023169,0.5936795940399866,0.9159146120918721
482,0.25518635145514057,0.5618770878019274,0.00022867035598372887,0.11948760487994659,0.8353134628285677
483,0.22925431224935333,0.8688282329320494,0.2877033772033005,0.8861332624279684,0.7494517249196291
484,0.8077310087540691,0.45656183605832024,0.5106639159543183,0.47686895226314263,0.2876966869517352
485,0.14794698302864806,0.9653533695208873,0.8647459366471016,0.32249803952254297,0.01936577969825215
486,0.26871027691894267,0.9168440702792944,0.12589248629506244,0.41002459581574113,0.41035487958405936
487,0.14339546817212312,0.19506561502764674,0.15685824925381053,0.9668287773176465,0.9904109055464069
488,0.20744897521115924,0.2872143735937175,0.5313013688505486,0.5914554595135628,0.29400104840119246
489,0.6426197634026829,0.45315459792636004,0.4806130482591564,0.10283003460442486,0.7392339030295497
490,0.35682816424197394,0.41916046934060314,0.29240889816660864,0.509759969731173,0.3317265392363258
491,0.7995811390446836,0.48378301584850325,0.02127314222308896,0.13739023026575403,0.3435110880742349
492,0.49204203368191135,0.9880824309441179,0.7853692247210906,0.9441673396644281,0.8801152731712172
493,0.7736876899607661,0.005867553797007097,0.7194154159588428,0.20470368343976597,0.7925758616544238
494,0.38833091441107326,0.8248463242218821,0.0893407961436693,0.4038904128563391,0.8937229402475202
495,0.05203173110713477,0.6807940702682608,0.9772941211274117,0.8068514896088077,0.523284688717579
496,0.013743247283326432,0.21799182138934792,0.4117044885920327,0.6475093684210205,0.16923883635741976
497,0.5264565786249106,0.3272397443056084,0.48309602705100185,0.7822558703011538,0.06268714804971198
498,0.4750167531641746,0.3150095539299633,0.827066528050141,0.8705686517672003,0.7974916367352133
499,0.07294139626444884,0.7262932113723628,0.03298917334080953,0.22156113453780468,0.45686421447226777
500,0.4585619906147682,0.16542567819007292,0.306880528533115,0.4958681387990589,0.8922812011361347
501,0.015909861543730752,0.609882368267464,0.7896704601280731,0.04261215834108223,0.5370432789182074
502,0.4424583369538584,0.23263375043000778,0.6084046195389906,0.2147719933717126,0.6500528012761114
503,0.8565153283813187,0.6710898584946065,0.74477954105493,0.8811099648993146,0.8938771592431298
504,0.8187032112528485,0.6933089016668808,0.5559418648155127,0.18270714179309067,0.5397631915539216
505,0.42237343892671064,0.45590233539222436,0.03226652707717459,0.5852122574914428,0.2664362635112578
506,0.04063681296228472,0.3328581670451982,0.27585401791662334,0.30190276341049416,0.302085859631806
507,0.7163219484476498,0.6227129442877779,0.26654164069295827,0.20715561146895822,0.8220114446930443
508,0.8743591589928216,0.6494141430262442,0.9448761473378704,0.40193717896335945,0.18589126850626136
509,0.4959747185540927,0.9915847038495402,0.46454579368874016,0.32077340694280276,0.06826656281020216
510,0.7070836147115952,0.627081352025531,0.5226837400977522,0.6979676869761149,0.12541682165762824
511,0.05430744446825575,0.12822714344333253,0.1488931772636829,0.7753176699645651,0.587119107293098
512,0.09641513029370319,0.8710499709243249,0.8453924743698357,0.29581933995115484,0.5086976364230279
513,0.026959503278388475,0.44212262061372665,0.592350442219543,0.6535696283783413,0.5311730656171413
514,0.633901050708948,0.24862043797370725,0.85513165404738,0.22423933919588446,0.06956660842715956
515,0.5509428916271595,0.01762341992888028,0.7949998205553526,0.3795834508874615,0.1041659184088598
516,0.3625684536311139,0.9105489173338169,0.07805296612125556,0.026175307343019427,0.17072932359594584
517,0.6255288528826238,0.5030788447811608,0.04034761275657539,0.7945936003794684,0.0764922573001775
518,0.25639336583166794,0.8644653973829105,0.9598435066032946,0.7031076292595155,0.6061172156508687
519,0.5666060266406587,0.7556239193422494,0.7389356461999605,0.9325023272986946,0.5076642952703232
520,0.9826871973974274,0.6530340888380707,0.7983055569615963,0.9682531284523583,0.31751632397262863
521,0.09190952363109373,0.5283061393197217,0.22988900001267165,0.6962903727519894,0.22394935545761752
522,0.026910192477217487,0.9280699045059272,0.16672387246240872,0.6789111844931012,0.14847505293095464
523,0.11658419138012455,0.19968288889602182,0.4977756734332489,0.9426142064500633,0.3567201000825171
524,0.7059957177089834,0.38800606174085783,0.7404307008311936,0.8371783600561588,0.20168240396152615
525,0.27432818010618965,0.025773041429316468,0.7788476987641927,0.19662010495690252,0.5659318039446516
526,0.3823559547745605,0.939671155770741,0.17244789086523027,0.472861333114882,0.13309886200174148
527,0.6416577671524535,0.9886052281471351,0.8258494781752281,0.8577584523215414,0.4917290976698243
528,0.5822844339694982,0.05321861255027471,0.2300097104540555,0.29443399031085016,0.6599957199412152
529,0.8430188855769825,0.8241992484981534,0.13578148280824764,0.31046253945704516,0.41074462229273756
530,0.22957928475640155,0.752994786508061,0.9505723077421495,0.4844789318477051,0.5120518970554876
531,0.7966264466334296,0.978846245071854,0.028053748833838155,0.6118918980203063,0.9984272315173903
532,0.017964600724530544,0.812450659867057,0.16387046772746872,0.36905128629445283,0.8767812139158424
533,0.5110316221515079,0.8081067358407616,0.34523331736271223,0.17045461726698086,0.05356584461073588
534,0.5222751926237926,0.5545485513801944,0.7670717493167148,0.9312344285317021,0.3134363340492362
535,0.9484234394283836,0.9214644085628135,0.8799762884780741,0.45193088340319143,0.7480670579787086
536,0.6034592295793783,0.7583845742072862,0.23772887762549044,0.36367732744002557,0.6561316528809706
537,0.0619442873019469,0.6243631268808857,0.786675711801205,0.9124160073355405,0.478357453566833
538,0.08987118051762355,0.8111181045403029,0.893886362080851,0.7328443780324854,0.42044360491195354
539,0.6148328454530387,0.9150526816721679,0.09032291766715062,0.28792391887700086,0.004914663986476997
540,0.9245180250858124,0.741060967031941,0.4123838831166601,0.701186972021412,0.7869504005064712
541,0.542588701480072,0.08472074851042899,0.8762062963075505,0.11718829095835459,0.5426121908317487
542,0.47255116405994035,0.11157060967447063,0.7196358215792628,0.36658247421826884,0.6097867298414134
543,0.9773591481756423,0.7328689022366757,0.48444752485448483,0.8943532094515558,0.17642511307408548
544,0.17122099767846843,0.5402195509203873,0.3426373749772458,0.44271457623244026,0.5476317159273711
545,0.36832081354947,0.8234526357022687,0.1723255347760757,0.8691465526576807,0.4161121854692629
546,0.7267008541209529,0.2412164048489167,0.42652166857066987,0.9625038512678818,0.6928661122048135
547,0.375942221765329,0.2007462970613958,0.5522726132753706,0.2700349042038743,0.8895903423072882
548,0.9661731795386049,0.13002437796717548,0.7233760062971131,0.3941908386880588,0.24391378559047838
549,0.8562335457316814,0.2537422169785888,0.03827149758553294,0.3627542774711794,0.7932958105051497
550,0.6632485424697838,0.7363435046450942,0.39071309754139794,0.036777647537817315,0.7998537651729324
551,0.6743927338209916,0.3215994772517796,0.029743299069788787,0.4288107550774334,0.3947463618474858
552,0.6157567807796309,0.38151847802959094,0.4886850446671295,0.4207673643639377,0.6101921249469329
553,0.8424084012395272,0.8860760707203009,0.9066575223289841,0.13678580318423028,0.47962462897955493
554,0.474600639895045,0.7953470679510677,0.833166011937551,0.01958522674672436,0.23360546101344448
555,0.6882721798626985,0.09998929539880808,0.6043644487014366,0.34530531858180447,0.9386804959403217
556,0.4770713882237412,0.3753402351780669,0.24864923116271676,0.9992242133477811,0.31760923613968495
557,0.38158832807889653,0.0756894702137425,0.4866075345076758,0.5137905599837906,0.702855256149061
558,0.8048559447573403,0.014144783421932483,0.9374226733906906,0.02061080792483372,0.6595875973926707
559,0.8002020789911442,0.6315620044201813,0.398100499955772,0.6452202859699459,0.06376677223827587
560,0.06938102221714348,0.5883770047152506,0.5030623572951036,0.48118076931006315,0.2909999470971548
561,0.556380820272774,0.3924691974026594,0.028223252370814245,0.7199439696757562,0.9843916271223991
562,0.1462228024278298,0.059901593739996484,0.815506067456404,0.3964136385571452,0.6593889280342249
563,0.6613023323616393,0.676769349556218,0.9227390903453552,0.6458102475678971,0.8323480986819403
564,0.2653683751880517,0.05109472388950287,0.2090325431856006,0.23982746808492306,0.28446773281370064
565,0.8798470579212884,0.8663600860101897,0.47663907160473207,0.5059392241593026,0.3552694623437396
566,0.6074334608532473,0.8725550797207797,0.4004068807109995,0.8811517592671079,0.7781193422252947
567,0.16720701112473335,0.8787163245556875,0.6049513525017003,0.7336247058501604,0.10581436216914908
568,0.10839620952768492,0.31453935780769304,0.7271655837999446,0.27338888845184317,0.262199167338938
569,0.45464473487313006,0.4189017979020414,0.17910697242549523,0.7699201073496876,0.021105352744201
570,0.12599068538366087,0.2286156284591908,0.590768311470339,0.480589930694716,0.6104204432263473
571,0.11365081311922998,0.4256127313806436,0.2033358696123142,0.907168120128521,0.34207279871656693
572,0.8401204973030404,0.9358088443601297,0.48935749474480417,0.9773078997612507,0.3816777045011568
573,0.24854875531331422,0.3486833329555047,0.20402065404509107,0.9451234044339117,0.06580753303736064
574,0.7002151776720701,0.39993345572685535,0.9438908668711838,0.046887918285417385,0.04737192332021467
575,0.8811344065231372,0.6035679836727715,0.775351583060099,0.351727540918655,0.1763349409134629
576,0.42822761083186445,0.3925716295699193,0.3177478666742425,0.06568095495739268,0.49349470418308206
577,0.5138106737191499,0.47693744375361113,0.9634006989747159,0.29784354543328617,0.2613454948406735
578,0.3741203675156425,0.05779232479444696,0.4506897923640577,0.9080150553990447,0.5199353484797932
579,0.6023390646456872,0.3505588045694287,0.24908809049681258,0.6893893645759357,0.5557739315523447
580,0.5208548207838883,0.6099611161004909,0.11097083624339887,0.5787266175801904,0.7301214235279082
581,0.7561244201935605,0.6722599828549032,0.6343257600303059,0.34477480098669067,0.3355879341289244
582,0.514883664885277,0.2702745703874154,0.6461717637577669,0.4489512034612454,0.4240124201369785
583,0.5529514830685384,0.7592058827937288,0.7548954115636511,0.31733249701600263,0.870438390953208
584,0.23920350596833406,0.6476579557897395,0.03406802856456681,0.2514709752736952,0.558913313652974
585,0.7412124885998305,0.10769110507929736,0.9030574137027859,0.2397416844518102,0.966502366287557
586,0.8518636100163499,0.7569562976406654,0.5419911130650886,0.40256451200453836,0.3141959377048379
587,0.28428173065176765,0.0008970692832083182,0.31381176596309435,0.9334882433788307,0.8844677249439479
588,0.25141485568785427,0.2212841350479784,0.5590091309799622,0.9290778814563267,0.3284593680356853
589,0.6033728329567359,0.3085543410387047,0.7722512836623161,0.9922705942276567,0.6589060632080291
590,0.8118732447864154,0.6247663303006049,0.6069025899453355,0.026825191165925855,0.5107870822590334
591,0.9564383381281327,0.4342900715788418,0.5682659126121171,0.667083405410789,0.13144717072864742
592,0.17161306405264998,0.5903819703518118,0.25878006658693975,0.712329776608991,0.3456237241502047
593,0.6761306821101922,0.42313494100532434,0.9424080240106316,0.8533529797398947,0.8681845123487705
594,0.17528677694184114,0.6228755123901644,0.6085640042119587,0.10576856152142422,0.4365805402512547
595,0.6395779896244627,0.49882233945368015,0.9668492375115362,0.9049631558856597,0.5857853588658274
596,0.7310408692801941,0.7264664176105634,0.5681385073965973,0.28448352058395177,0.9952407015414907
597,0.4077167934435725,0.13349311609125092,0.38921707820549556,0.4546726960163372,0.3292241669581326
598,0.4267012278283332,0.7088567556179066,0.7715944409932628,0.3783193248252945,0.28103946238927713
599,0.18487983841218003,0.4385043338553306,0.08200378809439168,0.7304828985007767,0.26705141735333726
600,0.767868800374535,0.4447080115698766,0.006543839458334477,0.11866448413582709,0.19363582501949517
601,0.497024249678905,0.5498788353187803,0.8498606078828849,0.4675395755631665,0.42408441991856427
602,0.23372919364100642,0.13188198730838863,0.5609149710281929,0.2594277799695216,0.279208716710596
603,0.07043296314867853,0.1858271685567051,0.30296075715655046,0.17712357754178198,0.6663813477620384
604,0.2570301658093953,0.055109939954343545,0.11300839005267715,0.8132097151534452,0.8378445873034612
605,0.08180136738937782,0.3566201566103474,0.3673456307898556,0.8802825313625906,0.7564088329994579
606,0.8322925924372007,0.12570055228192067,0.35981130417324436,0.40602847399122477,0.9282806474613817
607,0.7160733796169397,0.5583068569261146,0.3523992511767243,0.7925037488991774,0.05841448139615746
608,0.6823474852213888,0.9734622288068036,0.8195470854456431,0.8842546287486643,0.4553497022483862
609,0.2640427258931014,0.32979407816501805,0.9212238175103461,0.35317862724241667,0.17782418468467998
610,0.5396962158987744,0.8094270677595473,0.9636786848604499,0.10412138033024732,0.8110117627544037
611,0.01842605548270615,0.20453161530161257,0.2425481160185251,0.3210995433282485,0.6037216882686639
612,0.4683032894993775,0.9897160048667375,0.7735683888588367,0.25069293523673175,0.5788335875806311
613,0.7475894977799983,0.5239934151172567,0.6955195722300389,0.6469382727886727,0.5685650766199926
614,0.9950980457396699,0.3737091485713322,0.24427874433678554,0.4440226242085554,0.8063057846204378
615,0.31426304018730944,0.3659979746388685,0.6418124757223478,0.47657038461762324,0.6062373566919326
616,0.8686565345580746,0.8976443040599761,0.8000918306321633,0.288092131672226,0.9356081245389458
617,0.3780014562410461,0.34566116084620047,0.02936641897954717,0.8305726100008646,0.17729424416975847
618,0.9689434592630399,0.42949149432134526,0.27821989140342984,0.28308098563636386,0.8811951215660077
619,0.8095977896623329,0.061775253308098965,0.8137907884224717,0.4066867871980794,0.29408324323480084
620,0.7190748497778611,0.9839986269963087,0.021478620722919173,0.012603326108948765,0.9513614849958202
621,0.6155925556797877,0.5060062546757215,0.9261931547420018,0.5730213206118062,0.7345995161703193
622,0.5315523235440694,0.406678734318654,0.35625447651726394,0.5633215601245881,0.5309588326465987
623,0.6901735860192977,0.7760826632016463,0.6966993051542889,0.17139021511727293,0.016380122475345704
624,0.5640042715863712,0.6987489180627227,0.43976978994178695,0.9973075955683295,0.9246869209584123
625,0.8364011161276924,0.3907020742653625,0.7090802082613462,0.44522750266813693,0.20499135277431635
626,0.4700186091598081,0.554204638142164,0.9657782192989837,0.23992010556701715,0.05247114502687633
627,0.07317270596976033,0.6462662543157776,0.6661813415104636,0.6836889223307644,0.8402089708389909
628,0.6851334849733608,0.4000705080555136,0.8558266068152801,0.4733440260024714,0.8993682820993392
629,0.28588741887751024,0.9341959099031933,0.2323876653771738,0.7509122545417395,0.44221853835410585
630,0.004049189031583911,0.2692039022898164,0.08621210226539455,0.1819522778278524,0.6892028769117414
631,0.6348458600083813,0.35769781509417997,0.3169530829563919,0.07123093133943526,0.24296332105663665
632,0.05202808230044831,0.9461484521536436,0.8928850301934932,0.30978923655823265,0.1490735306349561
633,0.14338661696966182,0.6960585195040638,0.20076885467134853,0.5539654133750318,0.7999408947655879
634,0.8962872795003329,0.6001604339506517,0.09146040714856163,0.9996007886132106,0.5375268271444736
635,0.4737802362982245,0.5564936846840893,0.5703080278245366,0.8204377528212393,0.4656656354784191
636,0.428110753048329,0.7278010304397179,0.4800699317605367,0.7801584456653741,0.01008147753412958
637,0.257171623389564,0.9585090816897998,0.3732230919997921,0.5713797647701357,0.7196269327841218
638,0.941711147535443,0.08575123301413512,0.29479466552398836,0.5915701548544312,0.03913346170309917
639,0.17281510135034672,0.4552507899011312,0.9390936748593156,0.24593479899462756,0.788698606816903
640,0.4615917477225113,0.9567194525722299,0.16175456820145484,0.4453524383683286,0.5986748218588442
641,0.7573344692089409,0.9273918694254152,0.7159617313370504,0.3226872264635354,0.1503794391629415
642,0.623421042284672,0.03388112657446385,0.5489336785207107,0.2510899141766203,0.4358461623837513
643,0.07457613016857811,0.6957715461788281,0.6973558151200353,0.5754839273449862,0.8398515291391162
644,0.7759829728732147,0.995560979700735,0.2164970161199289,0.2718324755556081,0.6486442469790287
645,0.6652387328074092,0.8647325612880326,0.32994481100147655,0.7688078338814165,0.8947125090618913
646,0.2981004963499895,0.11845899822449768,0.5953555455631551,0.13367485654929145,0.1445180141595548
647,0.8538518208969919,0.6622564657365251,0.6706136359675227,0.42282601003661024,0.22719412267250816
648,0.042122835405452475,0.19702123136882965,0.9847497302758678,0.6627563965124204,0.9546393927352653
649,0.42016312400935096,0.5487592425863175,0.11721018650440929,0.3061482697688741,0.7063708902585523
650,0.7278312875602941,0.3078956304250552,0.9913008455182244,0.5069778166937315,0.7085488425893438
651,0.4669330936847832,0.6773613950802431,0.02883910487618835,0.3221360708415374,0.5009329247055199
652,0.5314738809743885,0.67776988637056,0.5015141545998648,0.689309272406124,0.9601025031505658
653,0.5539658487899877,0.8317519950528928,0.2134266512852071,0.5870628946542052,0.18047002393552647
654,0.4964027701402942,0.9834156237503996,0.7415971072897078,0.5783754512936427,0.137926413612509
655,0.026406449745446814,0.4450196202066793,0.35710296904741623,0.7687376632919827,0.06102973099561737
656,0.19118205648238784,0.43802201612708314,0.16591461612548297,0.5396509036257817,0.4833731352245202
657,0.8505054692380453,0.3347808577925121,0.9515674587974531,0.1505550266810527,0.2668056541189264
658,0.9861046223699556,0.4588570551145882,0.09434113624390328,0.2131262180809641,0.6357672735034141
659,0.26610491850378715,0.5673482415930273,0.34457039941902246,0.3064054492977979,0.8558531393815648
660,0.2717536511489793,0.6501337043629831,0.9999756663321577,0.14176259679427528,0.6295486980935302
661,0.011943050065888139,0.87253502682443,0.6809283025414468,0.1373371161993866,0.0946616757740264
662,0.241791191914559,0.476072492974312,0.4079414101531913,0.5630719994978909,0.7439037579434629
663,0.019522842184808042,0.5355101671383569,0.9605891502933007,0.4494362561415195,0.5359066804007117
664,0.13384245871063705,0.3629332421528605,0.47611477396195034,0.719317398085453,0.369936121580854
665,0.22769169939257305,0.24990431664890644,0.6388728506359621,0.9206094987867205,0.008080882274320689
666,0.5471840210498539,0.7754358987872727,0.640206275285043,0.038318786715503594,0.7715455817208015
667,0.03077985258732885,0.329923467567629,0.6692921868830501,0.48201427218140125,0.8032884079655961
668,0.25801981233694926,0.48605058776517407,0.5620145314366418,0.15022955854748454,0.6483855773199373
669,0.497638335237125,0.8641994997082982,0.15849431168523642,0.32131329754560545,0.9068069874057718
670,0.6176028126782508,0.860752540116859,0.6828938828069542,0.7185162181418403,0.4417904211927166
671,0.4499323757305591,0.22051183703738342,0.3309611024553525,0.7730973618363987,0.36599916954192147
672,0.8560864451806988,0.817330802519084,0.22993413549503194,0.20420617156549892,0.8558664898713713
673,0.15494271353522693,0.3563940625484331,0.9611233320994549,0.44240365233603063,0.8278264637403374
674,0.7838498964896866,0.6956129382337976,0.1227491671992178,0.46458427911225586,0.4180075649558759
675,0.3828941545981922,0.9617543276815265,0.31982455043374536,0.00816847973332746,0.031047687349584296
676,0.3838192114253449,0.24325977057607562,0.36486678941810713,0.4581925736413026,0.8687200824669953
677,0.21145582362102533,0.15971883410025034,0.8897730019818005,0.8275838563780626,0.2382397656606009
678,0.3000634587462436,0.08489509563045372,0.23913961463356204,0.7154156895412515,0.17868660074335085
679,0.377103161878657,0.6647339995955684,0.35189999670188454,0.8360157013682207,0.21166375322165865
680,0.7576816683583408,0.4837585637949554,0.3471065943339132,0.2295980256317246,0.559374287748865
681,0.21222726404341086,0.076306728561223,0.9463259323402444,0.622094087547027,0.9521277000683084
682,0.5969258140018605,0.0022968579554808466,0.1357530391468348,0.867557860424738,0.06297659846552339
683,0.6774105789527173,0.5870029905434145,0.5383949293400188,0.8871105956446128,0.19608529091788962
684,0.5870338066744628,0.5364543385385763,0.8094176932529996,0.13838090633597266,0.6905750258945966
685,0.6834653172992715,0.04911691997048173,0.25068677422751107,0.9921637463958367,0.6033474936837174
686,0.8789831741263452,0.2101156186260703,0.7412634500812184,0.9305790370056162,0.8341826208337104
687,0.554710613866084,0.5786305793916755,0.9855228433646633,0.5797048149154417,0.7150630710864531
688,0.8407651995410491,0.965660769352313,0.77912407364361,0.6483888901866283,0.6490529174446582
689,0.8592101492415726,0.04543616830550845,0.5496283937459681,0.5813438179597753,0.2744167665430982
690,0.14656460636942148,0.31555530345549265,0.7157731128157672,0.8034966949010525,0.4209616376548818
691,0.6154839963724754,0.26741190671379444,0.8433351392499759,0.998216883993549,0.21780759835431796
692,0.9191345604523199,0.2917840570518019,0.8882936106814099,0.46378980116777846,0.3014768154031393
693,0.7724435638213333,0.5825027623599197,0.9441781692472944,0.8156803011737631,0.5686698237600776
694,0.34946048884627723,0.9173875658015024,0.7241539082563733,0.3063298251197868,0.8760930815409459
695,0.6372280664109453,0.9709933223682817,0.2110020371042579,0.8799757956320085,0.06656500723328962
696,0.5450662629983275,0.11635372319810267,0.10051666748451005,0.5936779598292014,0.23459206179369962
697,0.7332316337573881,0.34704089695815776,0.024516593407506226,0.10628696278383021,0.26236151637166993
698,0.9643701382379339,0.1206945291803263,0.8203898465554569,0.0891508175296628,0.36239917144283107
699,0.40218018837651026,0.6180819240456015,0.42128653075873634,0.5580518960470651,0.015337683316132167
700,0.6232487828537451,0.23286478330224814,0.9083249399356227,0.9938721259544112,0.9848262666050068
701,0.3882776030035521,0.3041253409864859,0.14899311219315636,0.0031012393056163434,0.9903292708424721
702,0.7578975578682912,0.045780778276146794,0.7057780115737952,0.012553584527804085,0.6681887605612743
703,0.5310165730622279,0.4103329872220971,0.3278144841057187,0.0188875717031618,0.9423231888948449
704,0.8176272872818316,0.0440292204741799,0.971803142144536,0.6361470727887115,0.3586778369516882
705,0.3491009935767785,0.8738422920249983,0.9066064458462086,0.6736898826770406,0.41851459832010507
706,0.07651990086737781,0.6669056614405415,0.5598842271966734,0.20417854885671904,0.79617959950449
707,0.9631667506277404,0.24317745684732928,0.7534594521366339,0.12337868687622355,0.5567684866916184
708,0.3213787476644444,0.6179441377638704,0.6502358384301652,0.2753835817587279,0.5800721139285013
709,0.6189510399076703,0.3999537234425917,0.7474964293746187,0.5020983524189546,0.866381717946278
710,0.7798364073630927,0.35373822846740477,0.31181190761945,0.1655087162053377,0.5409444785523388
711,0.12833059508012212,0.3679810021764799,0.6233615480388555,0.4775273488844629,0.2951934240233275
712,0.49760812685062605,0.9933636086352101,0.49674598603531717,0.31785774619745677,0.0891879116664579
713,0.5401561194506866,0.2397062889401309,0.16397397569396988,0.8034363635924366,0.9641636729088744
714,0.2614805393639148,0.6098408958418307,0.18820040812490413,0.7096978635744006,0.4988589200950345
715,0.35692046107905395,0.044012174884733635,0.08062628250636972,0.26120736634989716,0.49028739526984944
716,0.06056503084940401,0.6447406544025581,0.029246975314000667,0.5272168442238359,0.5682628943896019
717,0.3095289298689883,0.3318679891887435,0.5834204957093562,0.635340952935919,0.0406892188890301
718,0.025236443395289743,0.10531444352424035,0.45623581011446224,0.08093832190372785,0.148538712183085
719,0.16776939312001238,0.1717816438029487,0.762219504023005,0.5074570837033342,0.9803156412625984
720,0.7607401475523374,0.6875546980239353,0.8471549231853895,0.24007725734258567,0.5819368527787728
721,0.6133385273211772,0.8353140259388285,0.9030893995454328,0.005020552470944573,0.4769866006493778
722,0.2030362731127222,0.9955481515738005,0.8424625322816772,0.34051241657654163,0.8220373925324119
723,0.042713081823090526,0.998741596520129,0.7258536834771251,0.6020321914530458,0.10355692215129964
724,0.08594573506875658,0.9436829780169336,0.2550742206540554,0.17157569286308139,0.6110449005364934
725,0.8669563876166654,0.0933642215278867,0.4823436711933833,0.12678501612344162,0.8542961368184533
726,0.3044273956892174,0.17298096756633297,0.8898295813595855,0.18216245274738974,0.06776851968862896
727,0.06485269656566683,0.2910901502971661,0.8434558981052852,0.1981238506077153,0.9538627530513897
728,0.527453831636151,0.3863805048827704,0.6914552982881672,0.9005888447606614,0.8175224517034487
729,0.6768680686282083,0.2212528394886707,0.524122356746214,0.7219834410862069,0.9091098538616246
730,0.016738205717468424,0.11489684812411904,0.9212957984699107,0.4750157249677549,0.07105605158906025
731,0.5811015936511794,0.930750853152736,0.26005216761592287,0.09495652949913536,0.5313790767595845
732,0.4054205561366725,0.29519210569651855,0.20929202773346256,0.7655935396438975,0.941079697877755
733,0.7816313851978924,0.30883182623570093,0.6010708625178612,0.7708707114809886,0.45879053762406863
734,0.745571270522617,0.2426581775161616,0.5912215873728696,0.2852413845750503,0.34661808496555835
735,0.7204790330339902,0.1433029864606563,0.24356987645323347,0.23081615604490857,0.441979598074984
736,0.19612439023258477,0.9932049948372856,0.8835058075238424,0.13300685457175876,0.3861420937398078
737,0.019953025421935777,0.9954273252148091,0.7340110202980734,0.6937395175294189,0.782512288707036
738,0.6367333789661785,0.2206798331120421,0.6241766039592453,0.6518826232911182,0.8910826436218139
739,0.15235244807673154,0.42955384188043255,0.8810926186519537,0.07133844267899403,0.027703785318561103
740,0.8622234208349016,0.24043115218024336,0.7319217675398864,0.6264815775361494,0.7807164758108331
741,0.40354164051573205,0.8882465188539782,0.7554231272664479,0.3005584989226576,0.9906520398896922
742,0.3642784075881761,0.3275165841188612,0.7946401122210824,0.19071002743053633,0.44465253140567174
743,0.856924458942258,0.38983046571119795,0.6817089551020227,0.9820979132897772,0.9590671614016163
744,0.01744054278794671,0.7100891989099715,0.5693268172574042,0.8393263729921846,0.5256729160699725
745,0.8127035958272313,0.43303450989340364,0.41495571194459546,0.1869405752601273,0.46325161361623945
746,0.6881796171615343,0.30169825093668634,0.6084541194792548,0.9745249874996968,0.8411187307770754
747,0.8622294680331701,0.7557415625802484,0.09794019360004624,0.49133331868896146,0.16100659842190157
748,0.9354350492675266,0.7235967220865951,0.6118646921404644,0.8978616379778643,0.07215378398581973
749,0.9477707441951405,0.8642334348784328,0.5739711020958597,0.9839248680743166,0.8533714905491567
750,0.6999144023201992,0.6308549410780223,0.31716810857056466,0.5377186804215894,0.42019102459541513
751,0.82175327775935,0.21843376352779953,0.37673793953864043,0.5650180733733121,0.7427589909211633
752,0.6633242919674354,0.689326655703922,0.6536402567818527,0.685870748393095,0.530707625291735
753,0.8519037286119906,0.5094597616826558,0.031159033360042665,0.9183294423794031,0.46192472542172713
754,0.515718401191855,0.598848913405879,0.4879972482070133,0.26331872791995325,0.44839049253469254
755,0.12706164853611723,0.5432497913550468,0.5629871984481587,0.03980648237933193,0.7426582018627503
756,0.4587205905064696,0.08653885692651997,0.9945227428429444,0.7991184934013718,0.7099103944803853
757,0.06474565593685533,0.12502063598706648,0.946963582109365,0.88243780642243,0.7134614400976044
758,0.7996389841697665,0.2714142183153069,0.04407416207629944,0.5799303750788847,0.6687830457034591
759,0.22037270362632022,0.3489631620142851,0.08153514997955535,0.7901411081966592,0.44977032394271543
760,0.6727137137099137,0.2981136533484122,0.7329847995824956,0.1843280373002355,0.15637177782406664
761,0.9420468782251648,0.33531123847267874,0.2045374351496747,0.634000356163906,0.8317510094535464
762,0.2975560022012569,0.39059739345160605,0.4062318121376649,0.68399578481055,0.5139946388524145
763,0.12052425331963057,0.7407678554491793,0.05523461480605085,0.42547685772316124,0.36742459998052923
764,0.29676942213429225,0.18071398462644073,0.7831922785014107,0.6193153001631954,0.1906864473437141
765,0.7222419804928579,0.12362942219205364,0.4189796757895111,0.189095182146788,0.6621642921432268
766,0.44751645531175444,0.6207680315269878,0.15454096208731172,0.4757534600101132,0.36675171226988335
767,0.39620793100825,0.1436285094809422,0.8636929315555508,0.5932799151375114,0.8241366330095775
768,0.013659403980008644,0.4947627804414171,0.12258624583474553,0.958750866134921,0.015566264589829792
769,0.21853158618196444,0.8610334372786154,0.39677690414275035,0.47195529440375683,0.35239093079260764
770,0.05973683181747891,0.8443493479147505,0.8053954126349732,0.5039952817623313,0.07863650079340578
771,0.9863718987891313,0.06634416562742473,0.5336076567087378,0.8915333539928268,0.435265244848831
772,0.14112415063807093,0.8026348279882014,0.8761484999006411,0.07013398468290455,0.5347292866001032
773,0.9023918230574719,0.7484818778559532,0.6626383368872067,0.13274255019595982,0.5544732083966888
774,0.210606539384394,0.48626938784373075,0.6691936696819413,0.49201293266315893,0.3469473723463574
775,0.27294422195407164,0.5468593831058404,0.3861835522512279,0.547347569628471,0.6773476948285276
776,0.981318002157888,0.5662445091234081,0.42114543272913185,0.98934301260532,0.4545988978714043
777,0.229668205848378,0.6566852507915238,0.38989983411434226,0.22880626091039158,0.4388810267921075
778,0.20125375813625257,0.011727408934012806,0.8096272267557791,0.31987168295638224,0.21383197286060662
779,0.32180223598714786,0.9943525142022354,0.27813224941095505,0.5241628020919832,0.030403378143465276
780,0.8439009546335835,0.6639743556693919,0.1740740946279674,0.018887763655960454,0.3735662386539256
781,0.8662712360552736,0.7011991090041185,0.6539345672408793,0.19716116942202166,0.011845815042377472
782,0.21885771726327874,0.3219500378679846,0.46573515738251914,0.24288372539091885,0.06300698691491158
783,0.9799818719821319,0.6425132046607074,0.7232683001088389,0.21922635935488377,0.6866182132815101
784,0.134514505663773,0.4342677028479819,0.4294790328412874,0.9492520062418167,0.10318587587804684
785,0.8022504439510841,0.626003552494264,0.5834947052377218,0.9199934372665592,0.21307872979181042
786,0.28439701176281207,0.17519037858336495,0.1359670958864515,0.5451593875763934,0.8796543172155976
787,0.7732083746467725,0.41892967180031404,0.4842464371500227,0.4403336244574606,0.08622172616335866
788,0.5974871612811334,0.683037861817267,0.22782171472904056,0.9228709764636044,0.9956383897710103
789,0.4238028211737034,0.31159604933027796,0.7611890265817647,0.4666603330472786,0.7343530372547536
790,0.02056005066879385,0.8756109974838141,0.38342856306055184,0.17963825497410912,0.3814425107293923
791,0.9195374776172199,0.11788838818449154,0.46536083923514626,0.03791607298840449,0.9215563761218133
792,0.529782751934204,0.5575563117552044,0.7307256355023484,0.8421854419493806,0.7819681115894745
793,0.06916489853893037,0.565854928771856,0.4436489938393374,0.18037547022187395,0.7463098090310635
794,0.44601773775216513,0.86781507030159,0.04507095061294186,0.2804310253488045,0.7076495677119498
795,0.5933968008265883,0.6001723282231423,0.24024010908597648,0.3415362473067942,0.023562446499445056
796,0.9515205081317913,0.5875037347520022,0.3387153231169605,0.7215144690908362,0.049485840714166174
797,0.8111057947237734,0.43863282840517126,0.35122988908399577,0.7454942164011658,0.30972863873654066
798,0.3013083081958251,0.1663826320652717,0.7075709897821477,0.694865215314217,0.47498991753300457
799,0.28263594037272743,0.4084107830035222,0.048485520557542405,0.3165365921047667,0.43336545959191963
800,0.7849413706056177,0.4851445317131263,0.6849676144886439,0.8772411209619518,0.7111047366354811
801,0.5975891075453983,0.9712033029751802,0.446849737119122,0.3230442651905946,0.09634998962502062
802,0.9917348322163826,0.41371899915754484,0.8331844525498752,0.36652590137862606,0.9328627359557935
803,0.3067148778931422,0.5179962512836064,0.7777776391964539,0.8026188793460844,0.08357606918705573
804,0.0347626340068109,0.8480154743791141,0.6687667809843922,0.6383867002241684,0.708571866940689
805,0.6960914607351176,0.12680878382696492,0.9823827187479447,0.935790941317727,0.6769142863764508
806,0.5024212943566164,0.8603741532262628,0.39973038534176786,0.3447830988235594,0.5173841403332259
807,0.6938016465192685,0.6280322729064901,0.1999656843836618,0.6539982400463183,0.8708270750527082
808,0.8026703234453116,0.8794838264639294,0.8653019139639014,0.2910990917134787,0.3477871799885497
809,0.4834813213025404,0.6372579246620214,0.7902720303329089,0.9896971900998348,0.42722087866731473
810,0.7098490345752498,0.9164195756162442,0.8507073956305247,0.0695184974972427,0.6305456055932851
811,0.864867340439383,0.7966744173373768,0.3391424271586815,0.9088940630989701,0.6775600298198372
812,0.8828280613611608,0.866380703642492,0.2886080538967445,0.1190046334978454,0.495203401612903
813,0.9474006913980026,0.5224940820313341,0.755394920361371,0.10166977403544764,0.6872230799264748
814,0.18222842957231977,0.1877674634100912,0.11381127799392166,0.5453718728037141,0.7209218305643247
815,0.3823006398628934,0.3455303634941219,0.3676641514706399,0.6458782626732559,0.8138525406030322
816,0.6357907223747247,0.638060553887032,0.5220840639601206,0.5206877030083773,0.625604359317656
817,0.0035971255628927112,0.1839742864724584,0.4153369877317107,0.5990195307292046,0.04521311929431293
818,0.6048550945881478,0.043619667578380095,0.06564894506945085,0.2613933508857884,0.5020079115130274
819,0.941491174667044,0.610318275380449,0.3472658063618179,0.06344935029821186,0.430804928786652
820,0.2567800975055129,0.33431770473932787,0.23944390310685992,0.2967153577646766,0.9574984995537212
821,0.8825643515120432,0.896361672504849,0.7806074715338148,0.5600504971308478,0.5336370453369254
822,0.3987208240401934,0.6102263080013132,0.622778033148435,0.7482474590545248,0.19119406118333904
823,0.020996401163479006,0.33375745656276323,0.6538909720987118,0.10558077982882941,0.7567877968148277
824,0.6569693414178309,0.09536186268161762,0.747502512905869,0.2290779525123453,0.24403307966345256
825,0.609129975262772,0.4899687456926102,0.3222729022501155,0.37275728429337895,0.861212686474528
826,0.5471828124610241,0.15083333808625388,0.9857167806281099,0.5660041858951996,0.3790087447930033
827,0.4381144212535122,0.09470953242582791,0.9440686274075449,0.10092014476825073,0.32484566770608136
828,0.9341160822678863,0.3838893854382168,0.4716208079604445,0.8502828696885735,0.39044890398267296
829,0.9579544923114435,0.08800118559178916,0.97741577885009,0.7078614104419626,0.5236151304574418
830,0.435608596687565,0.6640313340563931,0.9616119155250056,0.899482680439949,0.9939762664434894
831,0.8852237738293157,0.2719079928138547,0.2349766029141246,0.21235723297717835,0.6044982724996745
832,0.9592511004112285,0.681228119952867,0.6027639233318806,0.47296652066009137,0.9628947261810542
833,0.05788161787006507,0.648790602519848,0.276869350372257,0.37384425705883084,0.8391255613445294
834,0.5807672266733798,0.08732817430491657,0.5970061689934252,0.6817418248350279,0.33147179730823706
835,0.4367630629329665,0.5386579538433341,0.10915581204899383,0.7112587003246608,0.3602692512851533
836,0.8814011939271129,0.6409504732358827,0.5659132134518845,0.02052122893264363,0.2664640103926067
837,0.21315721607695426,0.9179958205965887,0.42237360699955484,0.37431873243134783,0.6650511819058815
838,0.17020605954744283,0.9545112922796414,0.7097049368569497,0.3992485316618669,0.5441227648221789
839,0.3703757334983696,0.35095201612401883,0.7577289005080027,0.30236613800058987,0.7045732651448239
840,0.8684706223861296,0.8238580529365904,0.6861321665594231,0.12922384988226931,0.7460623200422493
841,0.15439318367210808,0.27845855486966165,0.509707071087878,0.35049520999494266,0.020280263906044427
842,0.24897572630569031,0.40663513145804775,0.9777505677594068,0.029901110700509492,0.29945118872618204
843,0.5775541683076437,0.6646897736518735,0.42914452075371257,0.6616532379597813,0.2567253933599558
844,0.8021588719210914,0.501955587653271,0.7713550429991227,0.5672192971527055,0.0743547777479645
845,0.9222981121639174,0.0602263397585473,0.5540973250562811,0.9683411555585197,0.9655736498536979
846,0.931135620016783,0.9506973723119626,0.5539390640642298,0.17716154725799105,0.18930775879345474
847,0.14975233089762907,0.6313116464850055,0.6527641004153135,0.9289073706987296,0.6164547109538244
848,0.23985364910200668,0.6574846404775084,0.3407002385701623,0.3279899079319799,0.9005954252267093
849,0.03998892014594768,0.1700921308292911,0.7823886525856584,0.5122208919740535,0.3671847683384537
850,0.19675973935337276,0.6066207975632999,0.4628139037055252,0.20581638043966854,0.1385738499831366
851,0.4048216430292403,0.6101121667543239,0.7698626739832332,0.2813148935103087,0.8471932792538688
852,0.24905037558219933,0.3906884610275452,0.5650692442428044,0.541444844704683,0.37143863118600695
853,0.48700830025059927,0.6343069140669003,0.7391288299049217,0.44327098829014255,0.6698257654971247
854,0.5032566507988765,0.48478593028674977,0.8399172569801476,0.8064867337370009,0.6822311452884208
855,0.8438999768012938,0.36724362424624946,0.887661967313706,0.8316677269849465,0.26127108751778205
856,0.8689524662951836,0.818099705689752,0.5131178176687656,0.02519412142210009,0.5343834828589824
857,0.3971586102886986,0.12205215258661661,0.7582609886113894,0.6802559718567991,0.5720350222330634
858,0.9334341814776637,0.8964256092005892,0.45146003116249356,0.9718180223138586,0.09275438268481662
859,0.79851407471702,0.03427221624799093,0.5217910358017548,0.19017946357277626,0.04635366778241168
860,0.36673704494533255,0.6480900290579875,0.49102838689251704,0.9535143642890461,0.03284538134871062
861,0.4280644009201433,0.036388132866399525,0.7232813910304784,0.01647514056985011,0.21775746990934564
862,0.21079882725770804,0.9130892030234267,0.1653938862071509,0.16661097399388702,0.24711353539855085
863,0.4892538668355213,0.8149384466503855,0.09475349685456269,0.34131781734447386,0.3608798305284652
864,0.26981200283139584,0.8534638793525949,0.11853864737384756,0.440934140774526,0.7155676431518608
865,0.11896731381919623,0.47069780332855415,0.9829662527792177,0.36462011701890007,0.6499983308757841
866,0.3936845188156619,0.8811281700403661,0.8210523981726057,0.9287712299220923,0.25769100120520416
867,0.12428659275597798,0.3134118165014713,0.7026406814347492,0.2706897244878078,0.14571233052624943
868,0.10983428619991908,0.407976443893572,0.8285430176428749,0.24137179678408804,0.4814873679961301
869,0.020935095582297558,0.205539279927054,0.7171794722926589,0.19282411477764405,0.646263822713953
870,0.2594066493859155,0.3416809103806572,0.14915075915300402,0.10674160487187823,0.9968539827022582
871,0.8831255798417811,0.5717487900582674,0.428152965661709,0.9293697315831568,0.09044709797713468
872,0.5240674152451951,0.7345206597585874,0.5508359077001198,0.5281975820389957,0.2708313672755215
873,0.7269184752042119,0.9621992090222725,0.3736563440033652,0.09571172914745263,0.547646407320833
874,0.4254863652423171,0.8631429115329806,0.17686991181457423,0.09363237402470748,0.7068919108798165
875,0.1923091973455865,0.6244853826298654,0.7794317726071521,0.12098013073613578,0.9839970247675237
876,0.8904809719841674,0.9349430528910325,0.16825811097194532,0.6703809230455563,0.3154300322887855
877,0.7488071490021943,0.8621672152883277,0.7151907229220719,0.47968298803883147,0.5789127009978134
878,0.38397654815445526,0.5261520429408595,0.357088737151241,0.22332012254378186,0.17179488907098406
879,0.2650197964295754,0.84878256807171,0.7132074855186957,0.9725886294845716,0.3554546157332281
880,0.5189872482502279,0.5444605660373579,0.3562030387210514,0.3456570298636297,0.8388755237581849
881,0.7096799154385666,0.9143402585936116,0.6218029253999425,0.9402751344898418,0.8504860967681819
882,0.1818084553541861,0.3464881151343433,0.22702699967207596,0.5257506577910246,0.7065320257387855
883,0.3748485797656851,0.8555239682167753,0.3008966407907666,0.7140177566604758,0.02843742109868652
884,0.00281500762631659,0.5363082946395314,0.28878672559694285,0.5193159862627902,0.9001474095626574
885,0.46069235095629324,0.7051839173953135,0.04513604959423223,0.6516252508573127,0.3163646263205777
886,0.29580584238913565,0.9142204324754428,0.9174461784574122,0.12550186144670805,0.5156461686412007
887,0.006231349255343743,0.12598200698543283,0.1920054082208712,0.6726859807408259,0.12958938195412917
888,0.02347537766054464,0.8326755782618575,0.5819387671675553,0.5134899063354396,0.7034188605135454
889,0.16470969404049673,0.48880508585180227,0.7886764266690387,0.8969666778174846,0.8403098003688391
890,0.15101157857834546,0.5696982377262472,0.07702890745501556,0.6955393211135562,0.542303779217314
891,0.08633664264814667,0.17449955296420017,0.8901620351267627,0.6370023605108507,0.7062765838893689
892,0.1687289008649957,0.7301335914774829,0.5667223173859554,0.556181057047204,0.3568355140290881
893,0.9662657349403526,0.04178999529213823,0.6001110932783128,0.5576788680803197,0.04607193571525292
894,0.430613705526689,0.38122320326783543,0.6068935030871175,0.30720944422910346,0.1852703804987924
895,0.36807671738803927,0.31664970539679804,0.06863384614291512,0.5801731682828731,0.8483187869241284
896,0.3596050076226709,0.38056513978652584,0.7999598876861234,0.06931089084564968,0.4549640754125338
897,0.18741327610902891,0.5334036016386025,0.7999103879548768,0.7156996173280381,0.608911287770691
898,0.16308891830481775,0.5319583776396994,0.0469280258921404,0.3265207929195417,0.08097749528190346
899,0.6873634999616482,0.7522788088189035,0.9277731376146215,0.7143850738517067,0.7036391343029844
900,0.7795831685936385,0.9307760339554226,0.8361575975491666,0.9969350885899169,0.8900077653291676
901,0.6467499113744765,0.27137915860383466,0.9655764101129548,0.8187951381873408,0.7551173877891056
902,0.4409767925520457,0.5308012228760406,0.37777365933548746,0.07221619022557069,0.5556952882848966
903,0.8093174818924969,0.13030257183393656,0.6972220339100461,0.5244029127517063,0.15009428420247284
904,0.1902391445898196,0.9470836740036551,0.13912940177390887,0.9703033939560124,0.12506046289405115
905,0.7087476755246903,0.9148491143464851,0.04705411764855172,0.1796454845190728,0.6670195462911733
906,0.7634143318042882,0.8980623436019024,0.13381053564388923,0.7186096093714542,0.5992908699405352
907,0.82381610959812,0.6009740011423084,0.4077559962422448,0.3799712023444325,0.2563323376079063
908,0.7525893664859472,0.9557136989062233,0.820591543462712,0.2673079858644317,0.6886893945870214
909,0.9553898320639909,0.19439720903699131,0.2684159941156652,0.26330082736594906,0.5261240209339075
910,0.41344403357896153,0.8241808822081151,0.2344958861141161,0.0346091274394047,0.657623282024116
911,0.5041678548270279,0.732813718008789,0.24483651086438374,0.1621791552657047,0.3170497354464118
912,0.754112374378247,0.5206126047221297,0.9885857821903359,0.8220485541456473,0.9092210938519529
913,0.6370490312261258,0.7547049456610805,0.8613735497026972,0.7757579586010869,0.33933186112298874
914,0.17794451535411038,0.6456361377875681,0.54231818762273,0.8244943028501073,0.34958131636817724
915,0.7411857377824862,0.21298274417577778,0.8527344047534484,0.9399900830010914,0.2446029950375428
916,0.5003051220766803,0.8563149869316917,0.8408713190502505,0.3166873844284305,0.6614774293551929
917,0.10200082826121426,0.09943547481390003,0.05457536842207822,0.10656037747052294,0.6400318865617931
918,0.7908831673312043,0.8000720199995719,0.2285190901365537,0.7671125411279779,0.14885563291158133
919,0.095374460170779,0.12248892909094033,0.2361804044016057,0.07688083134437462,0.8659630633617631
920,0.009430006560837034,0.9366414272145042,0.4666519004114016,0.7587532746558451,0.32276598321573
921,0.5201748225520728,0.00890150695188241,0.9073873810574596,0.3055870601903715,0.7253007378330942
922,0.8999291129852014,0.6137933867326464,0.9877451905863811,0.48608764247248804,0.1580747164832913
923,0.8409947268040628,0.17613280520567953,0.022445464469713072,0.9205903177202108,0.5097720415763572
924,0.33686410662997335,0.2637269199711808,0.596152391693829,0.4511109231410092,0.6784712527081689
925,0.22468481469062296,0.09915500652678366,0.4034998235111097,0.22766906214532756,0.7218400838918784
926,0.6163936055755787,0.2865097046349341,0.9562003409881178,0.6975473309611685,0.7987088582839577
927,0.4427275523207539,0.7080284294353504,0.8074769763463598,0.806150793692489,0.5585495624175272
928,0.235410888368635,0.9733169856111924,0.3568057833411685,0.5041635372718177,0.9830107797204455
929,0.253321610982966,0.03320888413070067,0.9595785247926535,0.15256090701388325,0.12563710558396002
930,0.675066163773495,0.7184357157963065,0.20106740141667212,0.02212853926752989,0.07852205103900523
931,0.8374797440719319,0.2141297174585055,0.770104288274109,0.37095009147756774,0.2571463796314405
932,0.6095985411321784,0.11824821562662502,0.37181625648766203,0.6741998916225697,0.48509146212765664
933,0.0806286331485746,0.5636556971411056,0.4499250185437136,0.2024387334941783,0.5507073411158143
934,0.1355768049000834,0.11311435118815871,0.8666469054847022,0.7081685549546354,0.635462732647435
935,0.7360102189245337,0.20045177311343942,0.4961765112919897,0.8168530721114308,0.0814594048013979
936,0.28084869831593107,0.8590686889726561,0.6200852340144708,0.08948254754226093,0.23811741729569824
937,0.8181549324743227,0.742977352337828,0.020881173272337405,0.9184059530577967,0.40161307226249865
938,0.645943356456244,0.8389343658968741,0.9272127636494913,0.23095879353033277,0.5389377971704385
939,0.536695770412035,0.5633502902865853,0.3806827087987471,0.11172221710479402,0.45658665910339324
940,0.6831506976185886,0.8272063141058481,0.8001064568699731,0.7833796329959635,0.7836864094740569
941,0.8960784147002155,0.5406924351678178,0.20525199549906203,0.9546188334109421,0.5491352040314845
942,0.13526907711981417,0.27427817049709935,0.9684392874545468,0.852559569082298,0.227740901511869
943,0.8448188375032156,0.8841390191335664,0.25957598943491234,0.6601461943413484,0.08249066220491275
944,0.41272862998958637,0.5952541546517278,0.29559626028749386,0.44719682008262107,0.6884762675532611
945,0.6433659010643885,0.5308697237879751,0.9517770510406601,0.3399713011552403,0.293494023083135
946,0.09759844082865754,0.8397874704929409,0.42335303007992053,0.22205985244941362,0.483451930220237
947,0.6474426298941199,0.42388356060521437,0.2767878966884102,0.5660785681376979,0.9865400627143425
948,0.5791891963995003,0.7252088491789312,0.15414259241799844,0.4696313058694699,0.7695012630795949
949,0.03938116034622241,0.623622942379302,0.7499930109498195,0.3826271038717266,0.5211017968879067
950,0.3343581787921849,0.9630487409147143,0.5779526331383933,0.4941320468085092,0.7560935325942746
951,0.7132602780717896,0.6375648409146087,0.7848277477557952,0.00859554973293053,0.5918273473379935
952,0.5668946247595292,0.12743313766047426,0.8218553474327001,0.3183185486725768,0.08124634963945987
953,0.08972638786548481,0.9063228712465833,0.9107621402134108,0.7713671439089512,0.8206080007520632
954,0.9050788974374732,0.6720763045127849,0.6002969297174358,0.8736915257696825,0.7072011015871233
955,0.44184821252834783,0.3962009725423007,0.7876208063101097,0.0675007062178774,0.19410462755844893
956,0.5973442807841112,0.9762305199424893,0.16365118973808535,0.9117226866990176,0.3815113808266857
957,0.8410689600199818,0.48599490650016997,0.7792026601743766,0.2269235046893361,0.9210997804671673
958,0.005815146714829411,0.21421207299050293,0.6965905967714978,0.9211321411830476,0.3366786858557015
959,0.18614544889035345,0.11223606839978417,0.3066986438422402,0.7089700977053286,0.7631849184506353
960,0.7330764424599003,0.09572201831819593,0.2734761506702412,0.9206511794906066,0.16147893337273167
961,0.7554177475268425,0.4691078404868504,0.03440718385407049,0.4142275578285589,0.06817389042329425
962,0.6224508726298448,0.8480949530423427,0.046093609674005664,0.6187406595164793,0.6278530135077084
963,0.7390161430972992,0.8385695872392065,0.9128606098898173,0.454709089097306,0.24485027418817862
964,0.4368077225827268,0.025387992503377088,0.6151114557687819,0.6874704942920369,0.6688557263312888
965,0.6589143453181304,0.15107796388300831,0.7970439383798474,0.572478150394252,0.11102571593314359
966,0.9855410658645561,0.04419713044844742,0.46297530232648454,0.8317914864226679,0.10536503531681929
967,0.020936811721633086,0.5804897889581799,0.9334142356428264,0.6642482192767956,0.13309321551905107
968,0.03868086713317309,0.8687971545680849,0.8056003873195828,0.17624753806668392,0.5180591053613787
969,0.6822608948361246,0.051109887848856284,0.4165810035946078,0.663323827056775,0.3947523157670172
970,0.7019228874590745,0.9688852970241008,0.19303582035818256,0.059346986877825136,0.7547803968156563
971,0.9155857259185284,0.6659368686024508,0.16693556889933103,0.009073753351388936,0.9032391747738309
972,0.6687939524934836,0.8212172077453481,0.6607109181248714,0.6129360146851686,0.6390479836432333
973,0.043305216505337696,0.9369674834219438,0.3160509578157611,0.5917576868461311,0.29691803144464146
974,0.7466693119646496,0.6647565636336276,0.17335928378656396,0.5217114523339009,0.7784207581693807
975,0.1822903219218317,0.33680139115746877,0.02432962970201935,0.6537880688226481,0.3707451479281947
976,0.30307058264731235,0.44031931918944045,0.8970639087450578,0.45579610828720174,0.8517810220574382
977,0.0965095047822182,0.9073362884936216,0.9977269539814682,0.7317049603133401,0.34941689151477884
978,0.23056062029612112,0.0029671203415354563,0.9356082658221221,0.9109176475405804,0.3120975861096221
979,0.3972418467827763,0.7361040411302041,0.10632017257661142,0.4949601985061626,0.997462248001263
980,0.9943044073287596,0.8350925497544878,0.22611089678148155,0.5499160158169606,0.5290737927677442
981,0.5121288367646769,0.7971148607415509,0.6609849002313734,0.3932191831591987,0.7366764461725647
982,0.3399509898709099,0.8796560233891462,0.45190969604890974,0.3974316456244519,0.601394672978179
983,0.40475404835059425,0.28359778717060347,0.8827765504151107,0.700361543682707,0.40668837395384516
984,0.18670036174568472,0.6105032525056076,0.9850248507794112,0.8832152840440022,0.4955975000773143
985,0.18213728239666738,0.05675066611570012,0.7044761021593557,0.30342222569892774,0.5364896781039217
986,0.4518328801121245,0.7415891240825309,0.9656999684984958,0.4668618895167649,0.5023502435255419
987,0.20346485341182197,0.7669121162097107,0.898890893336558,0.613621834096496,0.10291149388761
988,0.862891202174986,0.0256355673623877,0.9160914554360259,0.2577073216960273,0.2576478936662474
989,0.8277840484218537,0.5226385391016969,0.33117423496768084,0.6365887111433436,0.3852585443186002
990,0.9445798124303098,0.28584570216069194,0.48902654166482185,0.9702410932638488,0.5847663961361615
991,0.863245570287366,0.43004002240500006,0.5413101336719752,0.4703557596313317,0.4487261211611977
992,0.8551423731537251,0.10371008377175428,0.0055792730871869756,0.4951738973228692,0.7551147152358821
993,0.4851975314495831,0.23769215192652848,0.6537036663524508,0.5400583774951364,0.7715919456453892
994,0.20009256315945378,0.45322468600234,0.18076014559251152,0.8711668690858012,0.6530361130036979
995,0.08649660524982516,0.4091734182618746,0.04908486394115619,0.23689423788784625,0.8469045799016026
996,0.5422145975847399,0.8803498617059383,0.37594798168920607,0.37421498133977316,0.2478859729696301
997,0.31825935572397934,0.9338494548690297,0.6417813438315311,0.3806148516073735,0.954867512817135
998,0.045938966647038226,0.9233298725589159,0.42686356276465864,0.7400505328972795,0.0691017995601132
999,0.36957525858618756,0.9899195101385725,0.6834179655630329,0.04145099213860792,0.13852976736496836
